    1   0.0000   0.0000   0.0000   3  0.0000e+00 -1.1114e-02 -8.3481e-03
    2   0.5000   0.5000   0.0000   3 -1.7757e-02 -9.4174e-03 -6.5887e-03
   16   0.0000   1.0000   0.0000   3 -1.5728e-02 -8.2441e-03 -6.9888e-03
    3   1.0000   0.0000   0.0000   3 -2.1355e-02 -9.8712e-03 -5.5638e-03
   17   0.5000   1.5000   0.0000   3 -2.9070e-02 -6.7727e-03 -4.6305e-03
    4   1.5000   0.5000   0.0000   3 -3.4877e-02 -7.4728e-03 -4.1542e-03
    5   2.0000   0.0000   0.0000   3 -3.8208e-02 -6.7182e-03 -3.4078e-03
   31   0.0000   2.0000   0.0000   3 -2.7423e-02 -5.8359e-03 -4.5559e-03
   18   1.0000   1.0000   0.0000   3 -3.1694e-02 -7.4669e-03 -4.4712e-03
   32   0.5000   2.5000   0.0000   3 -3.5845e-02 -4.5848e-03 -1.7926e-03
    6   2.5000   0.5000   0.0000   3 -4.6306e-02 -3.7401e-03 -2.3168e-03
   19   1.5000   1.5000   0.0000   3 -4.1677e-02 -5.5622e-03 -2.5433e-03
    7   3.0000   0.0000   0.0000   3 -4.7237e-02 -2.1667e-03 -1.7595e-03
   46   0.0000   3.0000   0.0000   3 -3.0476e-02 -3.4946e-03  4.4363e-03
   33   1.0000   2.0000   0.0000   3 -3.8701e-02 -5.4755e-03 -2.6004e-03
   20   2.0000   1.0000   0.0000   3 -4.4377e-02 -4.9087e-03 -2.4961e-03
    8   3.5000   0.5000   0.0000   3 -4.9269e-02  7.5657e-04 -9.2211e-04
   47   0.5000   3.5000   0.0000   3 -2.7287e-02 -2.2418e-03  7.4776e-03
   21   2.5000   1.5000   0.0000   3 -4.9555e-02 -2.1059e-03 -8.4056e-04
   35   2.0000   2.0000   0.0000   3 -4.7875e-02 -3.0833e-03 -1.2224e-03
    9   4.0000   0.0000   0.0000   3 -4.6892e-02  2.4535e-03 -6.5132e-04
   61   0.0000   4.0000   0.0000   3 -1.7646e-02 -1.5222e-03  7.9991e-03
   48   1.0000   3.0000   0.0000   3 -3.6941e-02 -2.6733e-03  7.0260e-03
   22   3.0000   1.0000   0.0000   3 -5.0142e-02 -7.5852e-04 -8.6406e-04
   76   0.0000   5.0000   0.0000   3  0.0000e+00  0.0000e+00  9.3549e-03
   10   4.5000   0.5000   0.0000   3 -4.3592e-02  4.8660e-03 -1.0633e-04
   49   1.5000   3.5000   0.0000   3 -3.0604e-02 -8.8018e-04  8.8241e-03
   23   3.5000   1.5000   0.0000   3 -4.9542e-02  1.8536e-03  8.2128e-04
   62   0.5000   4.5000   0.0000   3 -9.8914e-03 -6.9984e-04  9.6890e-03
   11   5.0000   0.0000   0.0000   3 -3.7771e-02  6.5975e-03 -7.9587e-05
   50   2.0000   3.0000   0.0000   3 -3.9907e-02 -5.1968e-04  8.5409e-03
   37   3.0000   2.0000   0.0000   3 -4.9802e-02  1.2270e-03  1.5306e-03
   24   4.0000   1.0000   0.0000   3 -4.7559e-02  3.2540e-03  2.8845e-04
   63   1.0000   4.0000   0.0000   3 -2.0392e-02 -1.0221e-03  9.4975e-03
   64   1.5000   4.5000   0.0000   3 -1.0894e-02 -2.9867e-04  1.0708e-02
   38   3.5000   2.5000   0.0000   3 -4.3932e-02  2.6164e-03  5.4741e-03
   12   5.5000   0.5000   0.0000   3 -3.0206e-02  8.3874e-03  1.7884e-04
   51   2.5000   3.5000   0.0000   3 -3.1306e-02  1.6399e-04  9.1309e-03
   25   4.5000   1.5000   0.0000   3 -4.2387e-02  5.2268e-03  1.4630e-03
   77   1.0000   5.0000   0.0000   3  0.0000e+00  0.0000e+00  1.0668e-02
   13   6.0000   0.0000   0.0000   3 -2.1232e-02  9.7904e-03  6.9282e-05
   52   3.0000   3.0000   0.0000   3 -3.9169e-02  1.3989e-03  7.8690e-03
   65   2.0000   4.0000   0.0000   3 -2.1624e-02 -2.0248e-04  1.0173e-02
   39   4.0000   2.0000   0.0000   3 -4.4801e-02  3.9353e-03  2.8697e-03
   26   5.0000   1.0000   0.0000   3 -3.7416e-02  6.8519e-03  6.7034e-04
   15   7.0000   0.0000   0.0000   3  0.0000e+00  1.1140e-02  0.0000e+00
   66   2.5000   4.5000   0.0000   3 -1.1091e-02  9.4128e-05  1.0909e-02
   40   4.5000   2.5000   0.0000   3 -3.6582e-02  4.8353e-03  4.5344e-03
   14   6.5000   0.5000   0.0000   3 -1.0885e-02  1.0679e-02  1.0233e-04
   27   5.5000   1.5000   0.0000   3 -2.8884e-02  8.1751e-03  1.2463e-03
   53   3.5000   3.5000   0.0000   3 -2.9480e-02  1.5665e-03  8.5610e-03
   78   2.0000   5.0000   0.0000   3  0.0000e+00  0.0000e+00  1.1271e-02
   67   3.0000   4.0000   0.0000   3 -2.1257e-02  5.9929e-04  1.0026e-02
   41   5.0000   2.0000   0.0000   3 -3.4372e-02  6.5911e-03  2.6049e-03
   54   4.0000   3.0000   0.0000   3 -3.4891e-02  3.1164e-03  6.7928e-03
   28   6.0000   1.0000   0.0000   3 -2.0799e-02  9.6730e-03  4.8845e-04
   68   3.5000   4.5000   0.0000   3 -1.0458e-02  5.6199e-04  1.0287e-02
   42   5.5000   2.5000   0.0000   3 -2.4629e-02  7.0508e-03  3.0589e-03
   55   4.5000   3.5000   0.0000   3 -2.4714e-02  3.1940e-03  7.1287e-03
   29   6.5000   1.5000   0.0000   3 -1.0338e-02  1.0155e-02  4.7972e-04
   79   3.0000   5.0000   0.0000   3  0.0000e+00  0.0000e+00  1.1068e-02
   30   7.0000   1.0000   0.0000   3  0.0000e+00  1.0890e-02  0.0000e+00
   69   4.0000   4.0000   0.0000   3 -1.9043e-02  1.6335e-03  8.9778e-03
   43   6.0000   2.0000   0.0000   3 -1.8908e-02  8.8704e-03  1.5080e-03
   56   5.0000   3.0000   0.0000   3 -2.6680e-02  5.1710e-03  5.1125e-03
   70   4.5000   4.5000   0.0000   3 -8.7862e-03  1.1230e-03  8.6353e-03
   44   6.5000   2.5000   0.0000   3 -8.7814e-03  8.6242e-03  1.0908e-03
   57   5.5000   3.5000   0.0000   3 -1.6704e-02  4.7526e-03  4.7679e-03
   45   7.0000   2.0000   0.0000   3  0.0000e+00  9.8973e-03  0.0000e+00
   80   4.0000   5.0000   0.0000   3  0.0000e+00  0.0000e+00  9.9373e-03
   71   5.0000   4.0000   0.0000   3 -1.4641e-02  2.7906e-03  6.8904e-03
   58   6.0000   3.0000   0.0000   3 -1.4653e-02  6.8856e-03  2.7807e-03
   72   5.5000   4.5000   0.0000   3 -5.9642e-03  1.6825e-03  5.8521e-03
   59   6.5000   3.5000   0.0000   3 -5.9738e-03  5.8578e-03  1.6900e-03
   60   7.0000   3.0000   0.0000   3  0.0000e+00  7.6865e-03  0.0000e+00
   81   5.0000   5.0000   0.0000   3  0.0000e+00  0.0000e+00  7.6680e-03
   73   6.0000   4.0000   0.0000   3 -8.0827e-03  3.7797e-03  3.7871e-03
   74   6.5000   4.5000   0.0000   3 -2.1436e-03  2.0987e-03  2.1002e-03
   75   7.0000   4.0000   0.0000   3  0.0000e+00  4.2633e-03  0.0000e+00
   82   6.0000   5.0000   0.0000   3  0.0000e+00  0.0000e+00  4.2581e-03
   83   7.0000   5.0000   0.0000   3  0.0000e+00  0.0000e+00  0.0000e+00
