    1   0.0000   0.0000   0.0000   3  0.0000e+00 -9.6499e-03 -7.0520e-03
    2   0.5000   0.5000   0.0000   3 -1.5199e-02 -8.1550e-03 -5.4991e-03
   16   0.0000   1.0000   0.0000   3 -1.3221e-02 -7.1356e-03 -5.8110e-03
    3   1.0000   0.0000   0.0000   3 -1.8517e-02 -8.5372e-03 -4.6096e-03
   17   0.5000   1.5000   0.0000   3 -2.4480e-02 -5.8427e-03 -3.6823e-03
    4   1.5000   0.5000   0.0000   3 -2.9983e-02 -6.4345e-03 -3.3711e-03
    5   2.0000   0.0000   0.0000   3 -3.3046e-02 -5.7630e-03 -2.7305e-03
   31   0.0000   2.0000   0.0000   3 -2.2680e-02 -5.0503e-03 -3.4960e-03
   18   1.0000   1.0000   0.0000   3 -2.7018e-02 -6.4346e-03 -3.6100e-03
   32   0.5000   2.5000   0.0000   3 -2.9411e-02 -4.0010e-03 -8.9553e-04
    6   2.5000   0.5000   0.0000   3 -3.9782e-02 -3.1794e-03 -1.7918e-03
   19   1.5000   1.5000   0.0000   3 -3.5327e-02 -4.7855e-03 -1.8625e-03
    7   3.0000   0.0000   0.0000   3 -4.0747e-02 -1.8605e-03 -1.3426e-03
   46   0.0000   3.0000   0.0000   3 -2.4646e-02 -3.1096e-03  3.2442e-03
   33   1.0000   2.0000   0.0000   3 -3.2392e-02 -4.6927e-03 -1.7931e-03
   20   2.0000   1.0000   0.0000   3 -3.7928e-02 -4.2092e-03 -1.9043e-03
    8   3.5000   0.5000   0.0000   3 -4.2340e-02  6.1074e-04 -6.1832e-04
   47   0.5000   3.5000   0.0000   3 -2.2507e-02 -2.0306e-03  6.0136e-03
   21   2.5000   1.5000   0.0000   3 -4.2093e-02 -1.8009e-03 -4.1245e-04
   35   2.0000   2.0000   0.0000   3 -4.0299e-02 -2.6532e-03 -6.6652e-04
    9   4.0000   0.0000   0.0000   3 -4.0481e-02  2.0947e-03 -4.1566e-04
   61   0.0000   4.0000   0.0000   3 -1.4527e-02 -1.3719e-03  6.5134e-03
   48   1.0000   3.0000   0.0000   3 -3.0479e-02 -2.4814e-03  5.5117e-03
   22   3.0000   1.0000   0.0000   3 -4.2854e-02 -6.8475e-04 -5.1473e-04
   76   0.0000   5.0000   0.0000   3  0.0000e+00  0.0000e+00  7.7438e-03
   10   4.5000   0.5000   0.0000   3 -3.7529e-02  4.1553e-03  3.6284e-05
   49   1.5000   3.5000   0.0000   3 -2.5582e-02 -8.6429e-04  7.2715e-03
   23   3.5000   1.5000   0.0000   3 -4.2168e-02  1.5037e-03  9.4179e-04
   62   0.5000   4.5000   0.0000   3 -8.2299e-03 -6.3375e-04  8.0476e-03
   11   5.0000   0.0000   0.0000   3 -3.2644e-02  5.6862e-03  3.1832e-05
   50   2.0000   3.0000   0.0000   3 -3.3405e-02 -6.2693e-04  7.0478e-03
   37   3.0000   2.0000   0.0000   3 -4.1980e-02  9.3322e-04  1.7319e-03
   24   4.0000   1.0000   0.0000   3 -4.0746e-02  2.7352e-03  4.1659e-04
   63   1.0000   4.0000   0.0000   3 -1.7019e-02 -9.4528e-04  7.8714e-03
   64   1.5000   4.5000   0.0000   3 -9.1561e-03 -2.8911e-04  8.9899e-03
   38   3.5000   2.5000   0.0000   3 -3.7175e-02  2.0496e-03  4.4930e-03
   12   5.5000   0.5000   0.0000   3 -2.6042e-02  7.2167e-03  2.3020e-04
   51   2.5000   3.5000   0.0000   3 -2.6410e-02  2.3454e-05  7.6353e-03
   25   4.5000   1.5000   0.0000   3 -3.6230e-02  4.4018e-03  1.3899e-03
   77   1.0000   5.0000   0.0000   3  0.0000e+00  0.0000e+00  8.9362e-03
   13   6.0000   0.0000   0.0000   3 -1.8364e-02  8.4629e-03  1.1008e-04
   52   3.0000   3.0000   0.0000   3 -3.3129e-02  1.0158e-03  6.6092e-03
   65   2.0000   4.0000   0.0000   3 -1.8212e-02 -2.3660e-04  8.5285e-03
   39   4.0000   2.0000   0.0000   3 -3.8023e-02  3.1785e-03  2.6168e-03
   26   5.0000   1.0000   0.0000   3 -3.2136e-02  5.8534e-03  6.7848e-04
   15   7.0000   0.0000   0.0000   3  0.0000e+00  9.6381e-03  0.0000e+00
   66   2.5000   4.5000   0.0000   3 -9.3897e-03  4.6177e-05  9.2272e-03
   40   4.5000   2.5000   0.0000   3 -3.1112e-02  4.0288e-03  3.8234e-03
   14   6.5000   0.5000   0.0000   3 -9.3917e-03  9.2130e-03  1.1331e-04
   27   5.5000   1.5000   0.0000   3 -2.4758e-02  6.9811e-03  1.1394e-03
   53   3.5000   3.5000   0.0000   3 -2.5066e-02  1.2653e-03  7.2459e-03
   78   2.0000   5.0000   0.0000   3  0.0000e+00  0.0000e+00  9.5164e-03
   67   3.0000   4.0000   0.0000   3 -1.8039e-02  4.4425e-04  8.4858e-03
   41   5.0000   2.0000   0.0000   3 -2.9341e-02  5.5684e-03  2.2903e-03
   54   4.0000   3.0000   0.0000   3 -2.9674e-02  2.6190e-03  5.7141e-03
   28   6.0000   1.0000   0.0000   3 -1.7892e-02  8.3102e-03  4.6935e-04
   68   3.5000   4.5000   0.0000   3 -8.9095e-03  4.5775e-04  8.7597e-03
   42   5.5000   2.5000   0.0000   3 -2.1033e-02  5.9907e-03  2.6202e-03
   55   4.5000   3.5000   0.0000   3 -2.1078e-02  2.7010e-03  6.0505e-03
   29   6.5000   1.5000   0.0000   3 -8.8746e-03  8.7144e-03  4.3301e-04
   79   3.0000   5.0000   0.0000   3  0.0000e+00  0.0000e+00  9.4079e-03
   30   7.0000   1.0000   0.0000   3  0.0000e+00  9.3727e-03  0.0000e+00
   69   4.0000   4.0000   0.0000   3 -1.6241e-02  1.3710e-03  7.6440e-03
   43   6.0000   2.0000   0.0000   3 -1.6187e-02  7.5773e-03  1.3192e-03
   56   5.0000   3.0000   0.0000   3 -2.2756e-02  4.3705e-03  4.3368e-03
   70   4.5000   4.5000   0.0000   3 -7.5078e-03  9.5192e-04  7.3752e-03
   44   6.5000   2.5000   0.0000   3 -7.5144e-03  7.3768e-03  9.3725e-04
   57   5.5000   3.5000   0.0000   3 -1.4280e-02  4.0488e-03  4.0628e-03
   45   7.0000   2.0000   0.0000   3  0.0000e+00  8.4801e-03  0.0000e+00
   80   4.0000   5.0000   0.0000   3  0.0000e+00  0.0000e+00  8.4860e-03
   71   5.0000   4.0000   0.0000   3 -1.2514e-02  2.3732e-03  5.8792e-03
   58   6.0000   3.0000   0.0000   3 -1.2529e-02  5.8757e-03  2.3723e-03
   72   5.5000   4.5000   0.0000   3 -5.1062e-03  1.4360e-03  5.0081e-03
   59   6.5000   3.5000   0.0000   3 -5.1146e-03  5.0137e-03  1.4430e-03
   60   7.0000   3.0000   0.0000   3  0.0000e+00  6.5784e-03  0.0000e+00
   81   5.0000   5.0000   0.0000   3  0.0000e+00  0.0000e+00  6.5617e-03
   73   6.0000   4.0000   0.0000   3 -6.9214e-03  3.2324e-03  3.2388e-03
   74   6.5000   4.5000   0.0000   3 -1.8376e-03  1.7985e-03  1.7997e-03
   75   7.0000   4.0000   0.0000   3  0.0000e+00  3.6540e-03  0.0000e+00
   82   6.0000   5.0000   0.0000   3  0.0000e+00  0.0000e+00  3.6499e-03
   83   7.0000   5.0000   0.0000   3  0.0000e+00  0.0000e+00  0.0000e+00
