    1   0.0000   0.0000   0.0000   3  0.0000e+00 -9.2276e-03 -6.7553e-03
    2   0.5000   0.5000   0.0000   3 -1.4544e-02 -7.7979e-03 -5.2674e-03
   16   0.0000   1.0000   0.0000   3 -1.2664e-02 -6.8178e-03 -5.5642e-03
    3   1.0000   0.0000   0.0000   3 -1.7710e-02 -8.1680e-03 -4.4165e-03
   17   0.5000   1.5000   0.0000   3 -2.3427e-02 -5.5822e-03 -3.5190e-03
    4   1.5000   0.5000   0.0000   3 -2.8688e-02 -6.1594e-03 -3.2310e-03
    5   2.0000   0.0000   0.0000   3 -3.1617e-02 -5.5185e-03 -2.6183e-03
   31   0.0000   2.0000   0.0000   3 -2.1711e-02 -4.8106e-03 -3.3316e-03
   18   1.0000   1.0000   0.0000   3 -2.5854e-02 -6.1564e-03 -3.4564e-03
   32   0.5000   2.5000   0.0000   3 -2.8105e-02 -3.8330e-03 -8.0057e-04
    6   2.5000   0.5000   0.0000   3 -3.8073e-02 -3.0498e-03 -1.7204e-03
   19   1.5000   1.5000   0.0000   3 -3.3810e-02 -4.5848e-03 -1.7847e-03
    7   3.0000   0.0000   0.0000   3 -3.8998e-02 -1.7880e-03 -1.2910e-03
   46   0.0000   3.0000   0.0000   3 -2.3537e-02 -2.9964e-03  3.0780e-03
   33   1.0000   2.0000   0.0000   3 -3.0987e-02 -4.5022e-03 -1.6983e-03
   20   2.0000   1.0000   0.0000   3 -3.6299e-02 -4.0319e-03 -1.8276e-03
    8   3.5000   0.5000   0.0000   3 -4.0536e-02  5.7877e-04 -5.9899e-04
   47   0.5000   3.5000   0.0000   3 -2.1530e-02 -1.9599e-03  5.7444e-03
   21   2.5000   1.5000   0.0000   3 -4.0299e-02 -1.7332e-03 -4.0417e-04
   35   2.0000   2.0000   0.0000   3 -3.8581e-02 -2.5549e-03 -6.4544e-04
    9   4.0000   0.0000   0.0000   3 -3.8755e-02  2.0019e-03 -4.0394e-04
   61   0.0000   4.0000   0.0000   3 -1.3891e-02 -1.3244e-03  6.2254e-03
   48   1.0000   3.0000   0.0000   3 -2.9154e-02 -2.3714e-03  5.2507e-03
   22   3.0000   1.0000   0.0000   3 -4.1029e-02 -6.6513e-04 -5.0175e-04
   76   0.0000   5.0000   0.0000   3  0.0000e+00  0.0000e+00  7.4069e-03
   10   4.5000   0.5000   0.0000   3 -3.5936e-02  3.9775e-03  2.9118e-05
   49   1.5000   3.5000   0.0000   3 -2.4483e-02 -8.2999e-04  6.9529e-03
   23   3.5000   1.5000   0.0000   3 -4.0394e-02  1.4332e-03  8.8430e-04
   62   0.5000   4.5000   0.0000   3 -7.8759e-03 -6.1022e-04  7.7008e-03
   11   5.0000   0.0000   0.0000   3 -3.1256e-02  5.4429e-03  2.6089e-05
   50   2.0000   3.0000   0.0000   3 -3.1969e-02 -6.0950e-04  6.7416e-03
   37   3.0000   2.0000   0.0000   3 -4.0228e-02  8.7105e-04  1.6175e-03
   24   4.0000   1.0000   0.0000   3 -3.9023e-02  2.6168e-03  3.8931e-04
   63   1.0000   4.0000   0.0000   3 -1.6290e-02 -9.0675e-04  7.5320e-03
   64   1.5000   4.5000   0.0000   3 -8.7650e-03 -2.7655e-04  8.6055e-03
   38   3.5000   2.5000   0.0000   3 -3.5609e-02  1.9634e-03  4.3385e-03
   12   5.5000   0.5000   0.0000   3 -2.4939e-02  6.9103e-03  2.1684e-04
   51   2.5000   3.5000   0.0000   3 -2.5279e-02  2.1482e-05  7.3099e-03
   25   4.5000   1.5000   0.0000   3 -3.4706e-02  4.2170e-03  1.3224e-03
   77   1.0000   5.0000   0.0000   3  0.0000e+00  0.0000e+00  8.5547e-03
   13   6.0000   0.0000   0.0000   3 -1.7584e-02  8.1031e-03  1.0306e-04
   52   3.0000   3.0000   0.0000   3 -3.1714e-02  9.8248e-04  6.3361e-03
   65   2.0000   4.0000   0.0000   3 -1.7433e-02 -2.2628e-04  8.1625e-03
   39   4.0000   2.0000   0.0000   3 -3.6443e-02  3.0578e-03  2.4874e-03
   26   5.0000   1.0000   0.0000   3 -3.0778e-02  5.6050e-03  6.4453e-04
   15   7.0000   0.0000   0.0000   3  0.0000e+00  9.2289e-03  0.0000e+00
   66   2.5000   4.5000   0.0000   3 -8.9877e-03  4.5282e-05  8.8321e-03
   40   4.5000   2.5000   0.0000   3 -2.9811e-02  3.8625e-03  3.6783e-03
   14   6.5000   0.5000   0.0000   3 -8.9942e-03  8.8229e-03  1.0731e-04
   27   5.5000   1.5000   0.0000   3 -2.3717e-02  6.6877e-03  1.0870e-03
   53   3.5000   3.5000   0.0000   3 -2.3987e-02  1.2095e-03  6.9358e-03
   78   2.0000   5.0000   0.0000   3  0.0000e+00  0.0000e+00  9.1100e-03
   67   3.0000   4.0000   0.0000   3 -1.7264e-02  4.2848e-04  8.1213e-03
   41   5.0000   2.0000   0.0000   3 -2.8113e-02  5.3370e-03  2.1911e-03
   54   4.0000   3.0000   0.0000   3 -2.8412e-02  2.4943e-03  5.4841e-03
   28   6.0000   1.0000   0.0000   3 -1.7136e-02  7.9594e-03  4.4690e-04
   68   3.5000   4.5000   0.0000   3 -8.5256e-03  4.3816e-04  8.3822e-03
   42   5.5000   2.5000   0.0000   3 -2.0151e-02  5.7403e-03  2.5129e-03
   55   4.5000   3.5000   0.0000   3 -2.0181e-02  2.5813e-03  5.7981e-03
   29   6.5000   1.5000   0.0000   3 -8.5013e-03  8.3479e-03  4.1362e-04
   79   3.0000   5.0000   0.0000   3  0.0000e+00  0.0000e+00  9.0035e-03
   30   7.0000   1.0000   0.0000   3  0.0000e+00  8.9773e-03  0.0000e+00
   69   4.0000   4.0000   0.0000   3 -1.5544e-02  1.3084e-03  7.3165e-03
   43   6.0000   2.0000   0.0000   3 -1.5508e-02  7.2599e-03  1.2629e-03
   56   5.0000   3.0000   0.0000   3 -2.1797e-02  4.1859e-03  4.1608e-03
   70   4.5000   4.5000   0.0000   3 -7.1866e-03  9.0974e-04  7.0599e-03
   44   6.5000   2.5000   0.0000   3 -7.1991e-03  7.0673e-03  8.9846e-04
   57   5.5000   3.5000   0.0000   3 -1.3676e-02  3.8766e-03  3.8934e-03
   45   7.0000   2.0000   0.0000   3  0.0000e+00  8.1243e-03  0.0000e+00
   80   4.0000   5.0000   0.0000   3  0.0000e+00  0.0000e+00  8.1210e-03
   71   5.0000   4.0000   0.0000   3 -1.1982e-02  2.2705e-03  5.6308e-03
   58   6.0000   3.0000   0.0000   3 -1.2002e-02  5.6284e-03  2.2747e-03
   72   5.5000   4.5000   0.0000   3 -4.8890e-03  1.3745e-03  4.7953e-03
   59   6.5000   3.5000   0.0000   3 -4.8986e-03  4.8018e-03  1.3828e-03
   60   7.0000   3.0000   0.0000   3  0.0000e+00  6.3016e-03  0.0000e+00
   81   5.0000   5.0000   0.0000   3  0.0000e+00  0.0000e+00  6.2819e-03
   73   6.0000   4.0000   0.0000   3 -6.6280e-03  3.0950e-03  3.1022e-03
   74   6.5000   4.5000   0.0000   3 -1.7596e-03  1.7222e-03  1.7234e-03
   75   7.0000   4.0000   0.0000   3  0.0000e+00  3.4992e-03  0.0000e+00
   82   6.0000   5.0000   0.0000   3  0.0000e+00  0.0000e+00  3.4948e-03
   83   7.0000   5.0000   0.0000   3  0.0000e+00  0.0000e+00  0.0000e+00
