    1   0.0000   0.0000   0.0000   3  0.0000e+00 -9.2443e-03 -6.7373e-03
    2   0.5000   0.5000   0.0000   3 -1.4539e-02 -7.8114e-03 -5.2457e-03
   16   0.0000   1.0000   0.0000   3 -1.2625e-02 -6.8287e-03 -5.5428e-03
    3   1.0000   0.0000   0.0000   3 -1.7741e-02 -8.1816e-03 -4.3934e-03
   17   0.5000   1.5000   0.0000   3 -2.3374e-02 -5.5898e-03 -3.4932e-03
    4   1.5000   0.5000   0.0000   3 -2.8706e-02 -6.1674e-03 -3.2052e-03
    5   2.0000   0.0000   0.0000   3 -3.1667e-02 -5.5228e-03 -2.5927e-03
   31   0.0000   2.0000   0.0000   3 -2.1630e-02 -4.8150e-03 -3.3131e-03
   18   1.0000   1.0000   0.0000   3 -2.5836e-02 -6.1662e-03 -3.4296e-03
   32   0.5000   2.5000   0.0000   3 -2.8011e-02 -3.8353e-03 -7.8845e-04
    6   2.5000   0.5000   0.0000   3 -3.8097e-02 -3.0463e-03 -1.6930e-03
   19   1.5000   1.5000   0.0000   3 -3.3768e-02 -4.5867e-03 -1.7501e-03
    7   3.0000   0.0000   0.0000   3 -3.9043e-02 -1.7804e-03 -1.2645e-03
   46   0.0000   3.0000   0.0000   3 -2.3446e-02 -2.9996e-03  3.0583e-03
   33   1.0000   2.0000   0.0000   3 -3.0914e-02 -4.5042e-03 -1.6729e-03
   20   2.0000   1.0000   0.0000   3 -3.6293e-02 -4.0351e-03 -1.7964e-03
    8   3.5000   0.5000   0.0000   3 -4.0547e-02  5.8500e-04 -5.7120e-04
   47   0.5000   3.5000   0.0000   3 -2.1464e-02 -1.9634e-03  5.7220e-03
   21   2.5000   1.5000   0.0000   3 -4.0255e-02 -1.7282e-03 -3.6032e-04
   35   2.0000   2.0000   0.0000   3 -3.8494e-02 -2.5418e-03 -5.9757e-04
    9   4.0000   0.0000   0.0000   3 -3.8786e-02  2.0078e-03 -3.8010e-04
   61   0.0000   4.0000   0.0000   3 -1.3845e-02 -1.3269e-03  6.2023e-03
   48   1.0000   3.0000   0.0000   3 -2.9070e-02 -2.3724e-03  5.2301e-03
   22   3.0000   1.0000   0.0000   3 -4.1016e-02 -6.5618e-04 -4.6655e-04
   76   0.0000   5.0000   0.0000   3  0.0000e+00  0.0000e+00  7.3845e-03
   10   4.5000   0.5000   0.0000   3 -3.5941e-02  3.9779e-03  5.0580e-05
   49   1.5000   3.5000   0.0000   3 -2.4423e-02 -8.3405e-04  6.9305e-03
   23   3.5000   1.5000   0.0000   3 -4.0332e-02  1.4359e-03  9.3283e-04
   62   0.5000   4.5000   0.0000   3 -7.8545e-03 -6.1144e-04  7.6792e-03
   11   5.0000   0.0000   0.0000   3 -3.1277e-02  5.4477e-03  4.2957e-05
   50   2.0000   3.0000   0.0000   3 -3.1891e-02 -6.1549e-04  6.7164e-03
   37   3.0000   2.0000   0.0000   3 -4.0105e-02  8.8956e-04  1.7204e-03
   24   4.0000   1.0000   0.0000   3 -3.9001e-02  2.6159e-03  4.2042e-04
   63   1.0000   4.0000   0.0000   3 -1.6249e-02 -9.0944e-04  7.5104e-03
   64   1.5000   4.5000   0.0000   3 -8.7468e-03 -2.7857e-04  8.5868e-03
   38   3.5000   2.5000   0.0000   3 -3.5525e-02  1.9414e-03  4.2732e-03
   12   5.5000   0.5000   0.0000   3 -2.4942e-02  6.9110e-03  2.2995e-04
   51   2.5000   3.5000   0.0000   3 -2.5234e-02  1.0339e-05  7.2875e-03
   25   4.5000   1.5000   0.0000   3 -3.4664e-02  4.2055e-03  1.3483e-03
   77   1.0000   5.0000   0.0000   3  0.0000e+00  0.0000e+00  8.5349e-03
   13   6.0000   0.0000   0.0000   3 -1.7596e-02  8.1084e-03  1.1169e-04
   52   3.0000   3.0000   0.0000   3 -3.1662e-02  9.5147e-04  6.3074e-03
   65   2.0000   4.0000   0.0000   3 -1.7399e-02 -2.3216e-04  8.1429e-03
   39   4.0000   2.0000   0.0000   3 -3.6346e-02  3.0201e-03  2.5259e-03
   26   5.0000   1.0000   0.0000   3 -3.0765e-02  5.6014e-03  6.6260e-04
   15   7.0000   0.0000   0.0000   3  0.0000e+00  9.2348e-03  0.0000e+00
   66   2.5000   4.5000   0.0000   3 -8.9758e-03  4.0630e-05  8.8196e-03
   40   4.5000   2.5000   0.0000   3 -2.9747e-02  3.8429e-03  3.6505e-03
   14   6.5000   0.5000   0.0000   3 -8.9956e-03  8.8243e-03  1.1166e-04
   27   5.5000   1.5000   0.0000   3 -2.3694e-02  6.6786e-03  1.0996e-03
   53   3.5000   3.5000   0.0000   3 -2.3972e-02  1.2043e-03  6.9251e-03
   78   2.0000   5.0000   0.0000   3  0.0000e+00  0.0000e+00  9.0945e-03
   67   3.0000   4.0000   0.0000   3 -1.7248e-02  4.1771e-04  8.1112e-03
   41   5.0000   2.0000   0.0000   3 -2.8066e-02  5.3202e-03  2.1994e-03
   54   4.0000   3.0000   0.0000   3 -2.8375e-02  2.5030e-03  5.4545e-03
   28   6.0000   1.0000   0.0000   3 -1.7130e-02  7.9557e-03  4.5561e-04
   68   3.5000   4.5000   0.0000   3 -8.5227e-03  4.3588e-04  8.3788e-03
   42   5.5000   2.5000   0.0000   3 -2.0119e-02  5.7272e-03  2.5071e-03
   55   4.5000   3.5000   0.0000   3 -2.0162e-02  2.5823e-03  5.7832e-03
   29   6.5000   1.5000   0.0000   3 -8.4945e-03  8.3409e-03  4.1718e-04
   79   3.0000   5.0000   0.0000   3  0.0000e+00  0.0000e+00  8.9973e-03
   30   7.0000   1.0000   0.0000   3  0.0000e+00  8.9743e-03  0.0000e+00
   69   4.0000   4.0000   0.0000   3 -1.5537e-02  1.3103e-03  7.3108e-03
   43   6.0000   2.0000   0.0000   3 -1.5488e-02  7.2485e-03  1.2659e-03
   56   5.0000   3.0000   0.0000   3 -2.1765e-02  4.1762e-03  4.1443e-03
   70   4.5000   4.5000   0.0000   3 -7.1835e-03  9.1035e-04  7.0561e-03
   44   6.5000   2.5000   0.0000   3 -7.1896e-03  7.0577e-03  8.9716e-04
   57   5.5000   3.5000   0.0000   3 -1.3662e-02  3.8724e-03  3.8851e-03
   45   7.0000   2.0000   0.0000   3  0.0000e+00  8.1148e-03  0.0000e+00
   80   4.0000   5.0000   0.0000   3  0.0000e+00  0.0000e+00  8.1194e-03
   71   5.0000   4.0000   0.0000   3 -1.1973e-02  2.2698e-03  5.6235e-03
   58   6.0000   3.0000   0.0000   3 -1.1987e-02  5.6201e-03  2.2687e-03
   72   5.5000   4.5000   0.0000   3 -4.8863e-03  1.3737e-03  4.7922e-03
   59   6.5000   3.5000   0.0000   3 -4.8940e-03  4.7973e-03  1.3802e-03
   60   7.0000   3.0000   0.0000   3  0.0000e+00  6.2942e-03  0.0000e+00
   81   5.0000   5.0000   0.0000   3  0.0000e+00  0.0000e+00  6.2790e-03
   73   6.0000   4.0000   0.0000   3 -6.6233e-03  3.0928e-03  3.0987e-03
   74   6.5000   4.5000   0.0000   3 -1.7587e-03  1.7212e-03  1.7223e-03
   75   7.0000   4.0000   0.0000   3  0.0000e+00  3.4969e-03  0.0000e+00
   82   6.0000   5.0000   0.0000   3  0.0000e+00  0.0000e+00  3.4931e-03
   83   7.0000   5.0000   0.0000   3  0.0000e+00  0.0000e+00  0.0000e+00
