    1   0.0000   0.0000   0.0000   3  0.0000e+00 -8.8295e-03 -6.4449e-03
    2   0.5000   0.5000   0.0000   3 -1.3895e-02 -7.4605e-03 -5.0171e-03
   16   0.0000   1.0000   0.0000   3 -1.2076e-02 -6.5165e-03 -5.2994e-03
    3   1.0000   0.0000   0.0000   3 -1.6949e-02 -7.8188e-03 -4.2028e-03
   17   0.5000   1.5000   0.0000   3 -2.2337e-02 -5.3338e-03 -3.3317e-03
    4   1.5000   0.5000   0.0000   3 -2.7433e-02 -5.8970e-03 -3.0666e-03
    5   2.0000   0.0000   0.0000   3 -3.0262e-02 -5.2825e-03 -2.4816e-03
   31   0.0000   2.0000   0.0000   3 -2.0674e-02 -4.5796e-03 -3.1506e-03
   18   1.0000   1.0000   0.0000   3 -2.4691e-02 -5.8928e-03 -3.2777e-03
   32   0.5000   2.5000   0.0000   3 -2.6723e-02 -3.6704e-03 -6.9414e-04
    6   2.5000   0.5000   0.0000   3 -3.6417e-02 -2.9189e-03 -1.6219e-03
   19   1.5000   1.5000   0.0000   3 -3.2274e-02 -4.3893e-03 -1.6725e-03
    7   3.0000   0.0000   0.0000   3 -3.7325e-02 -1.7092e-03 -1.2130e-03
   46   0.0000   3.0000   0.0000   3 -2.2352e-02 -2.8885e-03  2.8935e-03
   33   1.0000   2.0000   0.0000   3 -2.9529e-02 -4.3168e-03 -1.5788e-03
   20   2.0000   1.0000   0.0000   3 -3.4691e-02 -3.8608e-03 -1.7199e-03
    8   3.5000   0.5000   0.0000   3 -3.8774e-02  5.5347e-04 -5.5140e-04
   47   0.5000   3.5000   0.0000   3 -2.0501e-02 -1.8940e-03  5.4562e-03
   21   2.5000   1.5000   0.0000   3 -3.8489e-02 -1.6616e-03 -3.5074e-04
   35   2.0000   2.0000   0.0000   3 -3.6801e-02 -2.4447e-03 -5.7537e-04
    9   4.0000   0.0000   0.0000   3 -3.7089e-02  1.9167e-03 -3.6790e-04
   61   0.0000   4.0000   0.0000   3 -1.3218e-02 -1.2802e-03  5.9183e-03
   48   1.0000   3.0000   0.0000   3 -2.7763e-02 -2.2649e-03  4.9722e-03
   22   3.0000   1.0000   0.0000   3 -3.9221e-02 -6.3707e-04 -4.5274e-04
   76   0.0000   5.0000   0.0000   3  0.0000e+00  0.0000e+00  7.0524e-03
   10   4.5000   0.5000   0.0000   3 -3.4375e-02  3.8031e-03  4.4148e-05
   49   1.5000   3.5000   0.0000   3 -2.3340e-02 -8.0076e-04  6.6164e-03
   23   3.5000   1.5000   0.0000   3 -3.8587e-02  1.3663e-03  8.7751e-04
   62   0.5000   4.5000   0.0000   3 -7.5057e-03 -5.8835e-04  7.3375e-03
   11   5.0000   0.0000   0.0000   3 -2.9912e-02  5.2086e-03  3.7799e-05
   50   2.0000   3.0000   0.0000   3 -3.0477e-02 -5.9899e-04  6.4147e-03
   37   3.0000   2.0000   0.0000   3 -3.8378e-02  8.2782e-04  1.6106e-03
   24   4.0000   1.0000   0.0000   3 -3.7306e-02  2.4995e-03  3.9440e-04
   63   1.0000   4.0000   0.0000   3 -1.5531e-02 -8.7173e-04  7.1759e-03
   64   1.5000   4.5000   0.0000   3 -8.3616e-03 -2.6635e-04  8.2083e-03
   38   3.5000   2.5000   0.0000   3 -3.3983e-02  1.8558e-03  4.1182e-03
   12   5.5000   0.5000   0.0000   3 -2.3858e-02  6.6098e-03  2.1720e-04
   51   2.5000   3.5000   0.0000   3 -2.4122e-02  8.0672e-06  6.9672e-03
   25   4.5000   1.5000   0.0000   3 -3.3165e-02  4.0236e-03  1.2828e-03
   77   1.0000   5.0000   0.0000   3  0.0000e+00  0.0000e+00  8.1591e-03
   13   6.0000   0.0000   0.0000   3 -1.6829e-02  7.7549e-03  1.0505e-04
   52   3.0000   3.0000   0.0000   3 -3.0269e-02  9.1888e-04  6.0385e-03
   65   2.0000   4.0000   0.0000   3 -1.6632e-02 -2.2227e-04  7.7826e-03
   39   4.0000   2.0000   0.0000   3 -3.4790e-02  2.9007e-03  2.3999e-03
   26   5.0000   1.0000   0.0000   3 -2.9430e-02  5.3571e-03  6.2976e-04
   15   7.0000   0.0000   0.0000   3  0.0000e+00  8.8328e-03  0.0000e+00
   66   2.5000   4.5000   0.0000   3 -8.5802e-03  3.9658e-05  8.4307e-03
   40   4.5000   2.5000   0.0000   3 -2.8466e-02  3.6789e-03  3.5072e-03
   14   6.5000   0.5000   0.0000   3 -8.6048e-03  8.4409e-03  1.0588e-04
   27   5.5000   1.5000   0.0000   3 -2.2670e-02  6.3899e-03  1.0485e-03
   53   3.5000   3.5000   0.0000   3 -2.2910e-02  1.1493e-03  6.6199e-03
   78   2.0000   5.0000   0.0000   3  0.0000e+00  0.0000e+00  8.6945e-03
   67   3.0000   4.0000   0.0000   3 -1.6485e-02  4.0211e-04  7.7525e-03
   41   5.0000   2.0000   0.0000   3 -2.6857e-02  5.0922e-03  2.1022e-03
   54   4.0000   3.0000   0.0000   3 -2.7133e-02  2.3803e-03  5.2276e-03
   28   6.0000   1.0000   0.0000   3 -1.6388e-02  7.6107e-03  4.3379e-04
   68   3.5000   4.5000   0.0000   3 -8.1451e-03  4.1659e-04  8.0075e-03
   42   5.5000   2.5000   0.0000   3 -1.9252e-02  5.4806e-03  2.4015e-03
   55   4.5000   3.5000   0.0000   3 -1.9280e-02  2.4645e-03  5.5347e-03
   29   6.5000   1.5000   0.0000   3 -8.1273e-03  7.9804e-03  3.9822e-04
   79   3.0000   5.0000   0.0000   3  0.0000e+00  0.0000e+00  8.5994e-03
   30   7.0000   1.0000   0.0000   3  0.0000e+00  8.5855e-03  0.0000e+00
   69   4.0000   4.0000   0.0000   3 -1.4851e-02  1.2487e-03  6.9886e-03
   43   6.0000   2.0000   0.0000   3 -1.4820e-02  6.9362e-03  1.2105e-03
   56   5.0000   3.0000   0.0000   3 -2.0822e-02  3.9944e-03  3.9709e-03
   70   4.5000   4.5000   0.0000   3 -6.8675e-03  8.6885e-04  6.7460e-03
   44   6.5000   2.5000   0.0000   3 -6.8793e-03  6.7531e-03  8.5900e-04
   57   5.5000   3.5000   0.0000   3 -1.3068e-02  3.7030e-03  3.7183e-03
   45   7.0000   2.0000   0.0000   3  0.0000e+00  7.7647e-03  0.0000e+00
   80   4.0000   5.0000   0.0000   3  0.0000e+00  0.0000e+00  7.7603e-03
   71   5.0000   4.0000   0.0000   3 -1.1450e-02  2.1687e-03  5.3791e-03
   58   6.0000   3.0000   0.0000   3 -1.1468e-02  5.3767e-03  2.1726e-03
   72   5.5000   4.5000   0.0000   3 -4.6727e-03  1.3133e-03  4.5828e-03
   59   6.5000   3.5000   0.0000   3 -4.6815e-03  4.5889e-03  1.3209e-03
   60   7.0000   3.0000   0.0000   3  0.0000e+00  6.0219e-03  0.0000e+00
   81   5.0000   5.0000   0.0000   3  0.0000e+00  0.0000e+00  6.0037e-03
   73   6.0000   4.0000   0.0000   3 -6.3346e-03  2.9576e-03  2.9643e-03
   74   6.5000   4.5000   0.0000   3 -1.6820e-03  1.6461e-03  1.6472e-03
   75   7.0000   4.0000   0.0000   3  0.0000e+00  3.3446e-03  0.0000e+00
   82   6.0000   5.0000   0.0000   3  0.0000e+00  0.0000e+00  3.3406e-03
   83   7.0000   5.0000   0.0000   3  0.0000e+00  0.0000e+00  0.0000e+00
