    1   0.0000   0.0000   0.0000   3  0.0000e+00 -9.2272e-03 -6.7636e-03
    2   0.5000   0.5000   0.0000   3 -1.4552e-02 -7.7978e-03 -5.2759e-03
   16   0.0000   1.0000   0.0000   3 -1.2681e-02 -6.8179e-03 -5.5727e-03
    3   1.0000   0.0000   0.0000   3 -1.7709e-02 -8.1677e-03 -4.4251e-03
   17   0.5000   1.5000   0.0000   3 -2.3453e-02 -5.5827e-03 -3.5279e-03
    4   1.5000   0.5000   0.0000   3 -2.8696e-02 -6.1597e-03 -3.2398e-03
    5   2.0000   0.0000   0.0000   3 -3.1616e-02 -5.5192e-03 -2.6268e-03
   31   0.0000   2.0000   0.0000   3 -2.1744e-02 -4.8118e-03 -3.3382e-03
   18   1.0000   1.0000   0.0000   3 -2.5870e-02 -6.1564e-03 -3.4656e-03
   32   0.5000   2.5000   0.0000   3 -2.8144e-02 -3.8339e-03 -8.0441e-04
    6   2.5000   0.5000   0.0000   3 -3.8083e-02 -3.0511e-03 -1.7290e-03
   19   1.5000   1.5000   0.0000   3 -3.3837e-02 -4.5863e-03 -1.7953e-03
    7   3.0000   0.0000   0.0000   3 -3.9001e-02 -1.7900e-03 -1.2990e-03
   46   0.0000   3.0000   0.0000   3 -2.3573e-02 -2.9966e-03  3.0853e-03
   33   1.0000   2.0000   0.0000   3 -3.1022e-02 -4.5037e-03 -1.7061e-03
   20   2.0000   1.0000   0.0000   3 -3.6316e-02 -4.0323e-03 -1.8375e-03
    8   3.5000   0.5000   0.0000   3 -4.0548e-02  5.7768e-04 -6.0692e-04
   47   0.5000   3.5000   0.0000   3 -2.1557e-02 -1.9596e-03  5.7533e-03
   21   2.5000   1.5000   0.0000   3 -4.0329e-02 -1.7344e-03 -4.1708e-04
   35   2.0000   2.0000   0.0000   3 -3.8623e-02 -2.5593e-03 -6.5941e-04
    9   4.0000   0.0000   0.0000   3 -3.8761e-02  2.0009e-03 -4.1077e-04
   61   0.0000   4.0000   0.0000   3 -1.3910e-02 -1.3242e-03  6.2347e-03
   48   1.0000   3.0000   0.0000   3 -2.9190e-02 -2.3720e-03  5.2592e-03
   22   3.0000   1.0000   0.0000   3 -4.1049e-02 -6.6657e-04 -5.1175e-04
   76   0.0000   5.0000   0.0000   3  0.0000e+00  0.0000e+00  7.4164e-03
   10   4.5000   0.5000   0.0000   3 -3.5948e-02  3.9786e-03  2.3052e-05
   49   1.5000   3.5000   0.0000   3 -2.4509e-02 -8.2895e-04  6.9622e-03
   23   3.5000   1.5000   0.0000   3 -4.0426e-02  1.4333e-03  8.7168e-04
   62   0.5000   4.5000   0.0000   3 -7.8852e-03 -6.1007e-04  7.7101e-03
   11   5.0000   0.0000   0.0000   3 -3.1262e-02  5.4435e-03  2.1299e-05
   50   2.0000   3.0000   0.0000   3 -3.2004e-02 -6.0793e-04  6.7514e-03
   37   3.0000   2.0000   0.0000   3 -4.0278e-02  8.6985e-04  1.5900e-03
   24   4.0000   1.0000   0.0000   3 -3.9043e-02  2.6177e-03  3.8093e-04
   63   1.0000   4.0000   0.0000   3 -1.6308e-02 -9.0627e-04  7.5412e-03
   64   1.5000   4.5000   0.0000   3 -8.7737e-03 -2.7607e-04  8.6142e-03
   38   3.5000   2.5000   0.0000   3 -3.5651e-02  1.9718e-03  4.3653e-03
   12   5.5000   0.5000   0.0000   3 -2.4948e-02  6.9127e-03  2.1319e-04
   51   2.5000   3.5000   0.0000   3 -2.5303e-02  2.4135e-05  7.3190e-03
   25   4.5000   1.5000   0.0000   3 -3.4732e-02  4.2215e-03  1.3153e-03
   77   1.0000   5.0000   0.0000   3  0.0000e+00  0.0000e+00  8.5638e-03
   13   6.0000   0.0000   0.0000   3 -1.7588e-02  8.1048e-03  1.0064e-04
   52   3.0000   3.0000   0.0000   3 -3.1743e-02  9.8819e-04  6.3473e-03
   65   2.0000   4.0000   0.0000   3 -1.7449e-02 -2.2475e-04  8.1712e-03
   39   4.0000   2.0000   0.0000   3 -3.6483e-02  3.0674e-03  2.4770e-03
   26   5.0000   1.0000   0.0000   3 -3.0794e-02  5.6080e-03  6.3953e-04
   15   7.0000   0.0000   0.0000   3  0.0000e+00  9.2310e-03  0.0000e+00
   66   2.5000   4.5000   0.0000   3 -8.9948e-03  4.6345e-05  8.8393e-03
   40   4.5000   2.5000   0.0000   3 -2.9842e-02  3.8696e-03  3.6871e-03
   14   6.5000   0.5000   0.0000   3 -8.9973e-03  8.8261e-03  1.0611e-04
   27   5.5000   1.5000   0.0000   3 -2.3733e-02  6.6928e-03  1.0837e-03
   53   3.5000   3.5000   0.0000   3 -2.4004e-02  1.2117e-03  6.9427e-03
   78   2.0000   5.0000   0.0000   3  0.0000e+00  0.0000e+00  9.1180e-03
   67   3.0000   4.0000   0.0000   3 -1.7276e-02  4.3094e-04  8.1280e-03
   41   5.0000   2.0000   0.0000   3 -2.8137e-02  5.3438e-03  2.1895e-03
   54   4.0000   3.0000   0.0000   3 -2.8435e-02  2.4950e-03  5.4943e-03
   28   6.0000   1.0000   0.0000   3 -1.7145e-02  7.9636e-03  4.4457e-04
   68   3.5000   4.5000   0.0000   3 -8.5306e-03  4.3896e-04  8.3873e-03
   42   5.5000   2.5000   0.0000   3 -2.0168e-02  5.7463e-03  2.5154e-03
   55   4.5000   3.5000   0.0000   3 -2.0195e-02  2.5824e-03  5.8044e-03
   29   6.5000   1.5000   0.0000   3 -8.5067e-03  8.3532e-03  4.1275e-04
   79   3.0000   5.0000   0.0000   3  0.0000e+00  0.0000e+00  9.0093e-03
   30   7.0000   1.0000   0.0000   3  0.0000e+00  8.9817e-03  0.0000e+00
   69   4.0000   4.0000   0.0000   3 -1.5553e-02  1.3090e-03  7.3216e-03
   43   6.0000   2.0000   0.0000   3 -1.5520e-02  7.2661e-03  1.2625e-03
   56   5.0000   3.0000   0.0000   3 -2.1815e-02  4.1905e-03  4.1672e-03
   70   4.5000   4.5000   0.0000   3 -7.1907e-03  9.1012e-04  7.0641e-03
   44   6.5000   2.5000   0.0000   3 -7.2047e-03  7.0730e-03  8.9918e-04
   57   5.5000   3.5000   0.0000   3 -1.3685e-02  3.8795e-03  3.8973e-03
   45   7.0000   2.0000   0.0000   3  0.0000e+00  8.1302e-03  0.0000e+00
   80   4.0000   5.0000   0.0000   3  0.0000e+00  0.0000e+00  8.1253e-03
   71   5.0000   4.0000   0.0000   3 -1.1989e-02  2.2717e-03  5.6351e-03
   58   6.0000   3.0000   0.0000   3 -1.2011e-02  5.6331e-03  2.2773e-03
   72   5.5000   4.5000   0.0000   3 -4.8919e-03  1.3754e-03  4.7983e-03
   59   6.5000   3.5000   0.0000   3 -4.9019e-03  4.8051e-03  1.3841e-03
   60   7.0000   3.0000   0.0000   3  0.0000e+00  6.3064e-03  0.0000e+00
   81   5.0000   5.0000   0.0000   3  0.0000e+00  0.0000e+00  6.2854e-03
   73   6.0000   4.0000   0.0000   3 -6.6321e-03  3.0969e-03  3.1045e-03
   74   6.5000   4.5000   0.0000   3 -1.7606e-03  1.7232e-03  1.7244e-03
   75   7.0000   4.0000   0.0000   3  0.0000e+00  3.5013e-03  0.0000e+00
   82   6.0000   5.0000   0.0000   3  0.0000e+00  0.0000e+00  3.4968e-03
   83   7.0000   5.0000   0.0000   3  0.0000e+00  0.0000e+00  0.0000e+00
