Time   1.0000
    9   0.0000   4.0000   0.0000  4.3258e-04 -4.3565e-04  9.7439e-16  1.2490e-16
    8   0.0000   3.5000   0.0000  3.1091e-04 -4.3250e-04  9.6624e-16 -2.9143e-16
   18   0.5000   4.0000   0.0000  4.3371e-04 -5.5804e-04 -1.1087e-15  2.2760e-15
   17   0.5000   3.5000   0.0000  3.1004e-04 -5.5538e-04 -3.1780e-15 -4.7670e-15
   27   1.0000   4.0000   0.0000  4.3265e-04 -6.8987e-04 -2.5674e-15  4.6664e-15
    7   0.0000   3.0000   0.0000  1.9519e-04 -4.2751e-04  7.5634e-16 -2.1372e-15
   16   0.5000   3.0000   0.0000  1.9556e-04 -5.4814e-04  1.4710e-15  3.5250e-15
   25   1.0000   3.0000   0.0000  1.9104e-04 -6.8466e-04 -2.6645e-15  5.5789e-15
   26   1.0000   3.5000   0.0000  3.0454e-04 -6.8865e-04 -3.0531e-16  1.4294e-15
   36   1.5000   4.0000   0.0000  4.2377e-04 -8.3031e-04 -9.1593e-16 -3.1364e-15
    6   0.0000   2.5000   0.0000  8.8040e-05 -4.1332e-04  1.9429e-16 -8.0491e-16
   33   1.5000   2.5000   0.0000  8.0015e-05 -8.2838e-04 -5.5511e-16  2.1649e-15
   34   1.5000   3.0000   0.0000  1.7894e-04 -8.3151e-04  1.0547e-15 -9.2149e-15
   35   1.5000   3.5000   0.0000  2.9171e-04 -8.3158e-04 -1.8874e-15 -1.6556e-14
   15   0.5000   2.5000   0.0000  9.0842e-05 -5.3328e-04  1.6098e-15  2.2204e-15
   24   1.0000   2.5000   0.0000  8.8795e-05 -6.7550e-04 -2.2204e-16  7.7716e-15
    5   0.0000   2.0000   0.0000 -1.5387e-05 -3.8279e-04 -3.0531e-16  1.6653e-15
   45   2.0000   4.0000   0.0000  4.0384e-04 -9.7594e-04 -8.8818e-16  1.1519e-15
   32   1.5000   2.0000   0.0000 -1.2633e-05 -8.2187e-04  2.7756e-16  1.8874e-15
   41   2.0000   2.0000   0.0000 -1.9669e-05 -9.8008e-04  1.3323e-15  6.3838e-15
   42   2.0000   2.5000   0.0000  6.5338e-05 -9.8296e-04  4.9960e-16 -7.4385e-15
   43   2.0000   3.0000   0.0000  1.5852e-04 -9.8282e-04  8.3267e-16  7.4940e-15
   44   2.0000   3.5000   0.0000  2.6947e-04 -9.7971e-04  1.5543e-15  8.4377e-15
   14   0.5000   2.0000   0.0000 -9.2741e-06 -5.0824e-04 -4.4409e-16  1.1102e-16
   23   1.0000   2.0000   0.0000 -8.3191e-06 -6.6053e-04 -2.2204e-16 -9.4369e-16
    4   0.0000   1.5000   0.0000 -1.2458e-04 -3.2987e-04 -4.8572e-16 -1.6653e-15
   54   2.5000   4.0000   0.0000  3.7233e-04 -1.1237e-03  1.0547e-15  3.6707e-15
   40   2.0000   1.5000   0.0000 -1.0735e-04 -9.7565e-04 -1.9429e-16 -9.3259e-15
   13   0.5000   1.5000   0.0000 -1.1443e-04 -4.7126e-04  1.6653e-16 -2.5535e-15
   49   2.5000   1.5000   0.0000 -1.0095e-04 -1.1196e-03 -4.9960e-16  6.1062e-16
   50   2.5000   2.0000   0.0000 -2.5681e-05 -1.1267e-03 -2.2204e-16  1.1102e-14
   51   2.5000   2.5000   0.0000  4.7148e-05 -1.1329e-03  1.3323e-15  2.5535e-15
   52   2.5000   3.0000   0.0000  1.2971e-04 -1.1342e-03  3.9968e-15  3.2196e-15
   53   2.5000   3.5000   0.0000  2.3582e-04 -1.1304e-03  2.8866e-15  4.1633e-15
   22   1.0000   1.5000   0.0000 -1.1007e-04 -6.4038e-04  1.7208e-15  1.2212e-15
   31   1.5000   1.5000   0.0000 -1.0915e-04 -8.1329e-04 -2.3315e-15  1.2601e-14
    3   0.0000   1.0000   0.0000 -2.5429e-04 -2.4970e-04 -9.1593e-16  0.0000e+00
   63   3.0000   4.0000   0.0000  3.3043e-04 -1.2795e-03  1.7764e-15  2.6784e-15
   39   2.0000   1.0000   0.0000 -2.0823e-04 -9.7134e-04 -8.6736e-16 -2.3315e-15
   62   3.0000   3.5000   0.0000  1.8728e-04 -1.2842e-03  7.7716e-16  6.4670e-15
   12   0.5000   1.0000   0.0000 -2.3907e-04 -4.2197e-04  3.2196e-15  6.9944e-15
   48   2.5000   1.0000   0.0000 -1.8608e-04 -1.1126e-03  1.3045e-15  1.9318e-14
   21   1.0000   1.0000   0.0000 -2.2940e-04 -6.1666e-04  2.2204e-16  5.1625e-15
   57   3.0000   1.0000   0.0000 -1.5593e-04 -1.2279e-03  4.1911e-15  4.2744e-15
   58   3.0000   1.5000   0.0000 -8.7910e-05 -1.2395e-03  1.0408e-15  1.1324e-14
   59   3.0000   2.0000   0.0000 -2.7031e-05 -1.2536e-03 -3.9413e-15  5.4956e-15
   60   3.0000   2.5000   0.0000  3.1070e-05 -1.2705e-03 -2.0539e-15  2.9976e-15
   61   3.0000   3.0000   0.0000  9.3620e-05 -1.2857e-03 -3.1086e-15  8.1046e-15
   30   1.5000   1.0000   0.0000 -2.2109e-04 -8.0499e-04  1.1102e-16 -1.1158e-14
    2   0.0000   0.5000   0.0000 -4.2956e-04 -1.4372e-04 -8.7083e-16  1.1102e-16
   72   3.5000   4.0000   0.0000  2.7288e-04 -1.4483e-03  7.7716e-16 -2.9421e-15
   65   3.5000   0.5000   0.0000 -1.7609e-04 -1.2998e-03 -7.7716e-16 -1.1782e-14
   67   3.5000   1.5000   0.0000 -6.8599e-05 -1.3292e-03 -6.6613e-16 -7.5218e-15
   68   3.5000   2.0000   0.0000 -2.1503e-05 -1.3508e-03 -1.9290e-15 -1.2879e-14
   69   3.5000   2.5000   0.0000  2.2774e-05 -1.3814e-03 -2.6090e-15  2.4425e-14
   38   2.0000   0.5000   0.0000 -3.2951e-04 -9.6549e-04  1.3878e-15 -5.3846e-15
   71   3.5000   3.5000   0.0000  1.1419e-04 -1.4700e-03 -1.7764e-15 -1.4433e-14
   11   0.5000   0.5000   0.0000 -4.0185e-04 -3.5699e-04  6.4393e-15  3.5527e-15
   66   3.5000   1.0000   0.0000 -1.1977e-04 -1.3134e-03 -1.3878e-15  1.2573e-14
   47   2.5000   0.5000   0.0000 -2.8556e-04 -1.1043e-03 -5.2180e-15  2.6229e-15
   20   1.0000   0.5000   0.0000 -3.7992e-04 -5.9359e-04 -2.9143e-16 -2.2760e-15
   56   3.0000   0.5000   0.0000 -2.3370e-04 -1.2165e-03  2.1094e-15 -2.4564e-15
   70   3.5000   3.0000   0.0000  6.7121e-05 -1.4234e-03 -1.4433e-15 -8.6597e-15
   29   1.5000   0.5000   0.0000 -3.6295e-04 -8.0014e-04 -8.8818e-15 -1.0353e-14
   64   3.5000   0.0000   0.0000 -2.3901e-04 -1.2844e-03  1.4433e-15 -3.0982e-15
    1   0.0000   0.0000   0.0000 -6.4881e-04 -4.1477e-05 -4.8017e-15 -1.1102e-15
   37   2.0000   0.0000   0.0000 -4.7129e-04 -9.5537e-04 -9.9920e-16  7.3240e-15
   73   4.0000   0.0000   0.0000 -1.5074e-04 -1.3358e-03  8.8818e-16 -7.9910e-15
   46   2.5000   0.0000   0.0000 -4.0101e-04 -1.0920e-03 -4.4409e-16 -3.3584e-15
   81   4.0000   4.0000   0.0000  1.2385e-04 -1.8446e-03  4.4409e-16  7.9936e-15
   19   1.0000   0.0000   0.0000 -5.9641e-04 -5.8976e-04  1.9429e-15 -2.3800e-15
   55   3.0000   0.0000   0.0000 -3.2332e-04 -1.2024e-03  0.0000e+00  3.1745e-15
   28   1.5000   0.0000   0.0000 -5.3585e-04 -7.9041e-04  5.5511e-16  7.2858e-16
   10   0.5000   0.0000   0.0000 -6.2803e-04 -2.5671e-04  4.9544e-15  4.4409e-16
   75   4.0000   1.0000   0.0000 -8.0446e-05 -1.3659e-03 -2.9976e-15  1.9623e-14
   76   4.0000   1.5000   0.0000 -4.5406e-05 -1.3831e-03 -1.0547e-15  8.1324e-15
   77   4.0000   2.0000   0.0000 -1.0506e-05 -1.4080e-03  1.8041e-15  2.4980e-15
   79   4.0000   3.0000   0.0000  5.5800e-05 -1.5039e-03 -6.2450e-16  7.5495e-15
   80   4.0000   3.5000   0.0000  8.8366e-05 -1.6081e-03  2.6645e-15 -1.9984e-15
   78   4.0000   2.5000   0.0000  2.3328e-05 -1.4458e-03 -7.5114e-16 -4.4409e-16
   74   4.0000   0.5000   0.0000 -1.1537e-04 -1.3517e-03 -2.2204e-15 -3.8334e-14
  208   0.0000  -0.5000   0.0000 -7.6259e-04  0.0000e+00  3.0531e-16  9.3193e-01
  209   0.5000  -0.5000   0.0000 -7.2948e-04  0.0000e+00 -3.5041e-16  1.9332e+00
   82   4.5000   0.0000   0.0000 -6.1933e-05 -1.3560e-03 -1.6653e-15  3.0479e-15
   90   4.5000   4.0000   0.0000 -2.7836e-05 -1.5238e-03 -2.6645e-15  4.7531e-15
   83   4.5000   0.5000   0.0000 -5.4618e-05 -1.3712e-03  1.2212e-15  5.1070e-15
   84   4.5000   1.0000   0.0000 -4.1730e-05 -1.3838e-03 -5.5511e-17 -5.2180e-15
   85   4.5000   1.5000   0.0000 -2.2488e-05 -1.3984e-03  1.8319e-15 -6.1730e-15
   86   4.5000   2.0000   0.0000  1.3327e-06 -1.4202e-03 -9.1593e-16 -1.0825e-14
   87   4.5000   2.5000   0.0000  2.5479e-05 -1.4528e-03  2.2204e-16 -9.0483e-15
   88   4.5000   3.0000   0.0000  4.5410e-05 -1.4976e-03  3.8858e-16 -9.4369e-15
   89   4.5000   3.5000   0.0000  6.1492e-05 -1.5458e-03 -2.3315e-15 -7.1609e-15
   99   5.0000   4.0000   0.0000 -9.4807e-05 -1.4290e-03 -2.8866e-15 -9.0032e-15
   91   5.0000   0.0000   0.0000  2.4905e-05 -1.3456e-03  2.1094e-15 -8.7777e-16
   96   5.0000   2.5000   0.0000  2.2785e-05 -1.4116e-03 -3.6082e-16 -1.4058e-14
   97   5.0000   3.0000   0.0000  2.2446e-05 -1.4327e-03  2.8311e-15  1.8083e-14
   98   5.0000   3.5000   0.0000 -1.4737e-05 -1.4346e-03  1.2212e-15  4.1286e-15
   92   5.0000   0.5000   0.0000  2.9460e-06 -1.3595e-03 -8.8818e-16 -1.5224e-14
   93   5.0000   1.0000   0.0000 -8.0747e-06 -1.3683e-03 -3.3862e-15  2.1594e-14
   94   5.0000   1.5000   0.0000 -4.7243e-06 -1.3769e-03  2.1094e-15 -3.3029e-15
   95   5.0000   2.0000   0.0000  9.4269e-06 -1.3906e-03  1.6653e-16  2.3231e-14
  100   5.5000   0.0000   0.0000  1.0964e-04 -1.3044e-03  1.1102e-16  5.3811e-15
  108   5.5000   4.0000   0.0000 -1.5682e-04 -1.3407e-03 -3.3307e-16  6.8626e-15
  101   5.5000   0.5000   0.0000  5.5017e-05 -1.3176e-03  8.8818e-16 -1.2226e-14
  102   5.5000   1.0000   0.0000  1.5867e-05 -1.3234e-03  1.3878e-16  7.7438e-15
  103   5.5000   1.5000   0.0000  2.9046e-06 -1.3242e-03  1.6653e-15  1.1380e-14
  104   5.5000   2.0000   0.0000  1.2403e-05 -1.3295e-03  1.3323e-15 -8.5487e-15
  105   5.5000   2.5000   0.0000  1.9023e-05 -1.3409e-03 -1.4433e-15  6.2034e-15
  106   5.5000   3.0000   0.0000 -5.5154e-06 -1.3509e-03  5.5511e-17 -1.0811e-14
  107   5.5000   3.5000   0.0000 -6.9019e-05 -1.3503e-03 -1.1102e-15  2.0452e-14
  109   6.0000   0.0000   0.0000  1.9233e-04 -1.2271e-03 -1.1102e-16 -2.5986e-15
  117   6.0000   4.0000   0.0000 -2.2203e-04 -1.2417e-03 -5.5511e-16 -1.4877e-14
  110   6.0000   0.5000   0.0000  1.0182e-04 -1.2415e-03  8.3267e-16 -1.4017e-15
  111   6.0000   1.0000   0.0000  2.9314e-05 -1.2529e-03  3.2752e-15  5.7176e-15
  112   6.0000   1.5000   0.0000 -8.0549e-06 -1.2543e-03 -1.7486e-15 -3.0698e-14
  113   6.0000   2.0000   0.0000  1.2272e-05 -1.2478e-03 -1.2212e-15 -5.7732e-15
  114   6.0000   2.5000   0.0000  2.7442e-05 -1.2604e-03 -4.9960e-16 -1.4100e-14
  115   6.0000   3.0000   0.0000 -2.2636e-05 -1.2621e-03 -2.2204e-15 -6.3838e-16
  116   6.0000   3.5000   0.0000 -1.1313e-04 -1.2527e-03  8.8818e-16 -5.5511e-16
  118   6.5000   0.0000   0.0000  2.6740e-04 -1.1063e-03 -1.5543e-15 -3.3862e-15
  122   6.5000   2.0000   0.0000  1.2324e-05 -1.2218e-03  1.5266e-15 -3.1919e-15
  126   6.5000   4.0000   0.0000 -2.8463e-04 -1.1109e-03 -7.7716e-16 -5.2736e-15
  121   6.5000   1.5000   0.0000 -4.1023e-05 -1.1750e-03  8.8818e-16 -2.4425e-15
  123   6.5000   2.5000   0.0000  5.5490e-05 -1.1749e-03 -8.8818e-16 -3.7748e-15
  119   6.5000   0.5000   0.0000  1.4335e-04 -1.1205e-03 -4.9960e-16 -1.8041e-14
  120   6.5000   1.0000   0.0000  4.1822e-05 -1.1413e-03 -3.4694e-15 -1.7000e-15
  124   6.5000   3.0000   0.0000 -3.8156e-05 -1.1418e-03 -2.7478e-15  1.1491e-14
  125   6.5000   3.5000   0.0000 -1.5109e-04 -1.1223e-03 -8.3267e-16 -8.1046e-15
  130   7.0000   1.5000   0.0000 -1.0273e-04 -9.6182e-04 -1.2490e-15 -5.5511e-17
  132   7.0000   2.5000   0.0000  1.0836e-04 -9.6022e-04  1.0270e-15 -3.9413e-15
  135   7.0000   4.0000   0.0000 -3.3049e-04 -9.4491e-04 -4.5519e-15 -2.9698e-15
  127   7.0000   0.0000   0.0000  3.2153e-04 -9.4375e-04  1.1102e-16 -5.7732e-15
  128   7.0000   0.5000   0.0000  1.7456e-04 -9.5188e-04  1.8319e-15 -1.2212e-14
  129   7.0000   1.0000   0.0000  5.6597e-05 -9.6377e-04  6.6613e-16  1.7875e-14
  133   7.0000   3.0000   0.0000 -5.4803e-05 -9.6155e-04 -9.4369e-16 -4.9960e-16
  134   7.0000   3.5000   0.0000 -1.7939e-04 -9.5079e-04 -2.9421e-15 -1.0714e-14
  136   7.5000   0.0000   0.0000  3.4227e-04 -7.5988e-04  1.0304e-15 -3.1641e-15
  139   7.5000   1.5000   0.0000 -9.9790e-05 -7.5528e-04 -8.3267e-16  4.0246e-15
  141   7.5000   2.5000   0.0000  1.0094e-04 -7.5409e-04 -6.6613e-16  3.0531e-16
  144   7.5000   4.0000   0.0000 -3.4630e-04 -7.6106e-04  5.1521e-16  4.0107e-15
  137   7.5000   0.5000   0.0000  1.8908e-04 -7.5873e-04 -1.3323e-15 -8.9373e-15
  138   7.5000   1.0000   0.0000  6.5100e-05 -7.5124e-04 -5.5511e-16  3.3862e-15
  142   7.5000   3.0000   0.0000 -6.5000e-05 -7.4982e-04 -6.1062e-16  4.1078e-15
  143   7.5000   3.5000   0.0000 -1.9193e-04 -7.5807e-04  4.1633e-16 -1.0492e-14
  145   8.0000   0.0000   0.0000  3.2979e-04 -5.8500e-04 -4.4409e-16 -1.6237e-15
  153   8.0000   4.0000   0.0000 -3.3133e-04 -5.8758e-04 -1.0547e-15  3.1572e-15
  148   8.0000   1.5000   0.0000 -3.1807e-05 -5.3124e-04 -1.1102e-15 -5.1070e-15
  150   8.0000   2.5000   0.0000  3.1011e-05 -5.3132e-04 -1.4988e-15  6.1062e-16
  146   8.0000   0.5000   0.0000  1.8691e-04 -5.7795e-04  1.1657e-15  3.8303e-15
  147   8.0000   1.0000   0.0000  6.7193e-05 -5.6192e-04 -6.6613e-16 -8.3267e-16
  151   8.0000   3.0000   0.0000 -6.7959e-05 -5.6211e-04 -7.3552e-16  1.0207e-14
  152   8.0000   3.5000   0.0000 -1.8868e-04 -5.7897e-04  1.4988e-15  1.3184e-15
  162   8.5000   4.0000   0.0000 -2.9736e-04 -4.4282e-04 -5.5511e-16  2.6194e-15
  149   8.0000   2.0000   0.0000 -6.4536e-07 -4.8535e-04 -1.3878e-16  4.6664e-16
  154   8.5000   0.0000   0.0000  2.9672e-04 -4.3878e-04 -1.2212e-15 -2.6854e-15
  160   8.5000   3.0000   0.0000 -7.2681e-05 -4.2725e-04 -4.4409e-16  2.6576e-15
  161   8.5000   3.5000   0.0000 -1.7530e-04 -4.3420e-04  2.9976e-15 -4.6872e-15
  155   8.5000   0.5000   0.0000  1.7412e-04 -4.3163e-04 -2.8033e-15  2.7339e-15
  156   8.5000   1.0000   0.0000  7.1646e-05 -4.2575e-04 -1.8319e-15  1.1102e-16
  157   8.5000   1.5000   0.0000  6.0161e-06 -4.2838e-04  2.7756e-16  1.1324e-14
  158   8.5000   2.0000   0.0000 -5.4063e-07 -4.3877e-04  4.9960e-16  1.0936e-14
  159   8.5000   2.5000   0.0000 -7.0225e-06 -4.2911e-04 -5.5511e-16  7.7716e-15
  163   9.0000   0.0000   0.0000  2.5590e-04 -3.2145e-04  2.7756e-16 -8.9165e-16
  171   9.0000   4.0000   0.0000 -2.5643e-04 -3.2643e-04  2.3870e-15  4.9231e-15
  164   9.0000   0.5000   0.0000  1.5522e-04 -3.1555e-04 -3.0947e-15  9.2981e-16
  165   9.0000   1.0000   0.0000  7.4817e-05 -3.1627e-04 -6.1062e-16  1.8596e-15
  166   9.0000   1.5000   0.0000  2.4572e-05 -3.2306e-04  3.3307e-16  3.2752e-15
  167   9.0000   2.0000   0.0000 -3.9824e-07 -3.2679e-04  3.8858e-16 -7.7716e-16
  168   9.0000   2.5000   0.0000 -2.5375e-05 -3.2412e-04 -1.9429e-16  1.4433e-15
  169   9.0000   3.0000   0.0000 -7.5668e-05 -3.1848e-04 -7.4940e-16 -5.5511e-15
  170   9.0000   3.5000   0.0000 -1.5608e-04 -3.1908e-04  1.3323e-15 -1.6862e-15
  172   9.5000   0.0000   0.0000  2.1132e-04 -2.2352e-04 -1.3878e-15 -1.0755e-15
  180   9.5000   4.0000   0.0000 -2.1209e-04 -2.2877e-04  1.4988e-15  2.3002e-15
  173   9.5000   0.5000   0.0000  1.2896e-04 -2.1679e-04 -1.2768e-15 -8.1879e-16
  174   9.5000   1.0000   0.0000  6.7426e-05 -2.1617e-04 -9.0206e-16  2.6923e-15
  175   9.5000   1.5000   0.0000  2.6733e-05 -2.1946e-04 -7.2164e-16  1.5266e-15
  176   9.5000   2.0000   0.0000 -2.0980e-07 -2.2194e-04 -1.1102e-16  9.9920e-16
  177   9.5000   2.5000   0.0000 -2.7166e-05 -2.2060e-04  1.1102e-16  1.0547e-15
  178   9.5000   3.0000   0.0000 -6.7923e-05 -2.1856e-04 -2.2204e-16  2.0539e-15
  179   9.5000   3.5000   0.0000 -1.2960e-04 -2.2058e-04  5.5511e-17 -1.3878e-17
  181  10.0000   0.0000   0.0000  1.5948e-04 -1.3786e-04  5.5511e-16 -5.3429e-16
  189  10.0000   4.0000   0.0000 -1.6057e-04 -1.4263e-04  1.3323e-15 -1.5682e-15
  182  10.0000   0.5000   0.0000  9.3137e-05 -1.2935e-04  1.3878e-16 -2.6368e-16
  183  10.0000   1.0000   0.0000  4.9649e-05 -1.2670e-04  1.2490e-16  1.6098e-15
  184  10.0000   1.5000   0.0000  2.1096e-05 -1.2849e-04 -1.9429e-16  1.8596e-15
  185  10.0000   2.0000   0.0000 -3.4692e-08 -1.2997e-04 -1.6653e-16  1.2768e-15
  186  10.0000   2.5000   0.0000 -2.1172e-05 -1.2945e-04 -6.1062e-16  1.5543e-15
  187  10.0000   3.0000   0.0000 -4.9767e-05 -1.2872e-04 -5.5511e-17 -1.3878e-16
  188  10.0000   3.5000   0.0000 -9.3521e-05 -1.3269e-04 -5.5511e-16 -2.9143e-16
  198  10.5000   4.0000   0.0000 -9.4824e-05 -6.7498e-05 -2.2204e-16  1.1102e-16
  190  10.5000   0.0000   0.0000  9.3624e-05 -6.4102e-05 -4.4409e-16  1.2490e-16
  192  10.5000   1.0000   0.0000  2.6284e-05 -5.2579e-05 -1.3184e-16 -4.9960e-16
  193  10.5000   1.5000   0.0000  1.1552e-05 -5.4360e-05 -1.1102e-16  2.4980e-16
  194  10.5000   2.0000   0.0000  5.3385e-08 -5.5422e-05  1.1102e-16  8.3267e-16
  195  10.5000   2.5000   0.0000 -1.1442e-05 -5.4904e-05  1.1102e-16  2.7756e-17
  196  10.5000   3.0000   0.0000 -2.6188e-05 -5.3732e-05  0.0000e+00 -2.4980e-16
  197  10.5000   3.5000   0.0000 -4.7573e-05 -5.4913e-05 -1.1102e-16  8.3267e-16
  191  10.5000   0.5000   0.0000  4.7572e-05 -5.2962e-05  3.0531e-16  1.3878e-16
  199  11.0000   0.0000   0.0000  0.0000e+00  0.0000e+00 -9.4137e-01  2.5272e-01
  207  11.0000   4.0000   0.0000  0.0000e+00  0.0000e+00  9.5697e-01  2.8835e-01
  200  11.0000   0.5000   0.0000  0.0000e+00  0.0000e+00 -1.0292e+00  2.7103e-01
  201  11.0000   1.0000   0.0000  0.0000e+00  0.0000e+00 -5.5872e-01  3.2166e-01
  202  11.0000   1.5000   0.0000  0.0000e+00  0.0000e+00 -2.5386e-01  3.5173e-01
  203  11.0000   2.0000   0.0000  0.0000e+00  0.0000e+00 -2.7075e-03  3.6588e-01
  204  11.0000   2.5000   0.0000  0.0000e+00  0.0000e+00  2.4830e-01  3.5634e-01
  205  11.0000   3.0000   0.0000  0.0000e+00  0.0000e+00  5.5297e-01  3.3141e-01
  206  11.0000   3.5000   0.0000  0.0000e+00  0.0000e+00  1.0276e+00  2.8572e-01
