Time   1.0000
El      1  CPS4                                     EL1      1     10     11      2
   0.3943   0.3943   5.2481e-05  -2.0138e-04   2.2063e-05   4.0555e-01  -6.3429e+00   2.9326e-01
   0.3943   0.1057   4.4478e-05  -2.0138e-04   1.9788e-05   1.3963e-01  -6.3961e+00   2.6302e-01
   0.1057   0.3943   5.2481e-05  -2.0365e-04   1.4060e-05   3.9043e-01  -6.4185e+00   1.8689e-01
   0.1057   0.1057   4.4478e-05  -2.0365e-04   1.1785e-05   1.2451e-01  -6.4717e+00   1.5665e-01
El      2  CPS4                                     EL1      2     11     12      3
   0.3943   0.8943   3.5705e-05  -1.4729e-04  -3.1028e-05   2.0756e-01  -4.6572e+00  -4.1241e-01
   0.3943   0.6057   5.0130e-05  -1.4729e-04  -7.8370e-05   6.8688e-01  -4.5613e+00  -1.0417e+00
   0.1057   0.8943   3.5705e-05  -1.9464e-04  -1.6603e-05  -1.0707e-01  -6.2303e+00  -2.2068e-01
   0.1057   0.6057   5.0130e-05  -1.9464e-04  -6.3945e-05   3.7225e-01  -6.1345e+00  -8.4994e-01
El      3  CPS4                                     EL1      3     12     13      4
   0.3943   1.3943   2.2439e-05  -1.1164e-04  -4.4401e-05   3.7173e-03  -3.5605e+00  -5.9016e-01
   0.3943   1.1057   2.8285e-05  -1.1164e-04  -8.0054e-05   1.9798e-01  -3.5216e+00  -1.0640e+00
   0.1057   1.3943   2.2439e-05  -1.4729e-04  -3.8555e-05  -2.3322e-01  -4.7452e+00  -5.1246e-01
   0.1057   1.1057   2.8285e-05  -1.4729e-04  -7.4207e-05  -3.8959e-02  -4.7063e+00  -9.8634e-01
El      4  CPS4                                     EL1      4     13     14      5
   0.3943   1.8943   1.3932e-05  -8.0687e-05  -4.5616e-05  -7.3284e-02  -2.5886e+00  -6.0631e-01
   0.3943   1.6057   1.8593e-05  -8.0687e-05  -6.4028e-05   8.1607e-02  -2.5576e+00  -8.5104e-01
   0.1057   1.8943   1.3932e-05  -9.9099e-05  -4.0955e-05  -1.9565e-01  -3.2004e+00  -5.4436e-01
   0.1057   1.6057   1.8593e-05  -9.9099e-05  -5.9367e-05  -4.0755e-02  -3.1694e+00  -7.8908e-01
El      5  CPS4                                     EL1      5     14     15      6
   0.3943   2.3943   7.0022e-06  -5.2393e-05  -4.0603e-05  -1.1552e-01  -1.6944e+00  -5.3968e-01
   0.3943   2.1057   1.0826e-05  -5.2393e-05  -4.6941e-05   1.1547e-02  -1.6690e+00  -6.2392e-01
   0.1057   2.3943   7.0022e-06  -5.8731e-05  -3.6779e-05  -1.5764e-01  -1.9051e+00  -4.8885e-01
   0.1057   2.1057   1.0826e-05  -5.8731e-05  -4.3117e-05  -3.0573e-02  -1.8796e+00  -5.7310e-01
El      6  CPS4                                     EL1      6     15     16      7
   0.3943   2.8943   1.7569e-06  -2.9449e-05  -3.0529e-05  -1.3733e-01  -9.6688e-01  -4.0578e-01
   0.3943   2.6057   4.5721e-06  -2.9449e-05  -2.9743e-05  -4.3783e-02  -9.4817e-01  -3.9534e-01
   0.1057   2.8943   1.7569e-06  -2.8663e-05  -2.7714e-05  -1.3211e-01  -9.4078e-01  -3.6836e-01
   0.1057   2.6057   4.5721e-06  -2.8663e-05  -2.6928e-05  -3.8563e-02  -9.2207e-01  -3.5792e-01
El      7  CPS4                                     EL1      7     16     17      8
   0.3943   3.3943  -1.2176e-06  -1.3531e-05  -1.5334e-05  -1.3038e-01  -4.5770e-01  -2.0381e-01
   0.3943   3.1057   2.0555e-07  -1.3531e-05  -1.2737e-05  -8.3092e-02  -4.4824e-01  -1.6930e-01
   0.1057   3.3943  -1.2176e-06  -1.0935e-05  -1.3910e-05  -1.1313e-01  -3.7144e-01  -1.8489e-01
   0.1057   3.1057   2.0555e-07  -1.0935e-05  -1.1314e-05  -6.5839e-02  -3.6198e-01  -1.5039e-01
El      8  CPS4                                     EL1      8     17     18      9
   0.3943   3.8943   1.4145e-06  -5.5193e-06   1.5212e-06   1.0321e-02  -1.7400e-01   2.0219e-02
   0.3943   3.6057  -8.9366e-07  -5.5193e-06   9.4640e-07  -6.6376e-02  -1.8934e-01   1.2579e-02
   0.1057   3.8943   1.4145e-06  -6.0941e-06  -7.8696e-07   6.5015e-03  -1.9310e-01  -1.0460e-02
   0.1057   3.6057  -8.9366e-07  -6.0941e-06  -1.3617e-06  -7.0196e-02  -2.0844e-01  -1.8100e-02
El      9  CPS4                                     EL1     10     19     20     11
   0.8943   0.3943   4.7959e-05  -4.8411e-05  -7.6884e-05   1.2719e+00  -1.2899e+00  -1.0219e+00
   0.8943   0.1057   5.9143e-05  -4.8411e-05  -1.8825e-04   1.6435e+00  -1.2156e+00  -2.5022e+00
   0.6057   0.3943   4.7959e-05  -1.5978e-04  -6.5700e-05   5.3177e-01  -4.9907e+00  -8.7327e-01
   0.6057   0.1057   5.9143e-05  -1.5978e-04  -1.7707e-04   9.0339e-01  -4.9164e+00  -2.3536e+00
El     10  CPS4                                     EL1     11     20     21     12
   0.8943   0.8943   2.4534e-05  -6.3850e-05  -1.0086e-04   3.9093e-01  -1.9586e+00  -1.3406e+00
   0.8943   0.6057   3.8686e-05  -6.3850e-05  -1.4926e-04   8.6117e-01  -1.8646e+00  -1.9839e+00
   0.6057   0.8943   2.4534e-05  -1.1225e-04  -8.6709e-05   6.9263e-02  -3.5669e+00  -1.1525e+00
   0.6057   0.6057   3.8686e-05  -1.1225e-04  -1.3511e-04   5.3951e-01  -3.4729e+00  -1.7958e+00
El     11  CPS4                                     EL1     12     21     22     13
   0.8943   1.3943   1.0960e-05  -5.8259e-05  -1.0814e-04  -2.2994e-02  -1.8631e+00  -1.4374e+00
   0.8943   1.1057   1.7105e-05  -5.8259e-05  -1.3767e-04   1.8121e-01  -1.8222e+00  -1.8298e+00
   0.6057   1.3943   1.0960e-05  -8.7781e-05  -1.0200e-04  -2.1920e-01  -2.8441e+00  -1.3557e+00
   0.6057   1.1057   1.7105e-05  -8.7781e-05  -1.3152e-04  -1.4988e-02  -2.8032e+00  -1.7481e+00
El     12  CPS4                                     EL1     13     22     23     14
   0.8943   1.8943   3.3472e-06  -4.7409e-05  -1.0675e-04  -2.0385e-01  -1.5531e+00  -1.4189e+00
   0.8943   1.6057   7.2733e-06  -4.7409e-05  -1.2618e-04  -7.3390e-02  -1.5270e+00  -1.6771e+00
   0.6057   1.8943   3.3472e-06  -6.6837e-05  -1.0282e-04  -3.3296e-01  -2.1987e+00  -1.3667e+00
   0.6057   1.6057   7.2733e-06  -6.6837e-05  -1.2225e-04  -2.0250e-01  -2.1726e+00  -1.6249e+00
El     13  CPS4                                     EL1     14     23     24     15
   0.8943   2.3943  -2.8239e-06  -3.4188e-05  -9.3202e-05  -3.2104e-01  -1.1548e+00  -1.2388e+00
   0.8943   2.1057   6.4161e-07  -3.4188e-05  -1.0483e-04  -2.0589e-01  -1.1318e+00  -1.3934e+00
   0.6057   2.3943  -2.8239e-06  -4.5817e-05  -8.9736e-05  -3.9833e-01  -1.5412e+00  -1.1927e+00
   0.6057   2.1057   6.4161e-07  -4.5817e-05  -1.0137e-04  -2.8317e-01  -1.5182e+00  -1.3473e+00
El     14  CPS4                                     EL1     15     24     25     16
   0.8943   2.8943  -7.9810e-06  -2.0745e-05  -6.9913e-05  -4.0307e-01  -7.4239e-01  -9.2925e-01
   0.8943   2.6057  -5.1344e-06  -2.0745e-05  -7.6494e-05  -3.0848e-01  -7.2347e-01  -1.0167e+00
   0.6057   2.8943  -7.9810e-06  -2.7327e-05  -6.7066e-05  -4.4681e-01  -9.6110e-01  -8.9142e-01
   0.6057   2.6057  -5.1344e-06  -2.7327e-05  -7.3648e-05  -3.5222e-01  -9.4218e-01  -9.7890e-01
El     15  CPS4                                     EL1     16     25     26     17
   0.8943   3.3943  -1.0579e-05  -9.3537e-06  -4.0505e-05  -4.1370e-01  -3.8112e-01  -5.3838e-01
   0.8943   3.1057  -9.4400e-06  -9.3537e-06  -4.4259e-05  -3.7585e-01  -3.7355e-01  -5.8827e-01
   0.6057   3.3943  -1.0579e-05  -1.3107e-05  -3.9366e-05  -4.3865e-01  -5.0584e-01  -5.2324e-01
   0.6057   3.1057  -9.4400e-06  -1.3107e-05  -4.3119e-05  -4.0079e-01  -4.9827e-01  -5.7313e-01
El     16  CPS4                                     EL1     17     26     27     18
   0.8943   3.8943  -3.9974e-06  -3.0455e-06  -9.9274e-06  -1.5307e-01  -1.2776e-01  -1.3195e-01
   0.8943   3.6057  -9.1210e-06  -3.0455e-06  -1.1584e-05  -3.2332e-01  -1.6181e-01  -1.5398e-01
   0.6057   3.8943  -3.9974e-06  -4.7024e-06  -1.5051e-05  -1.6408e-01  -1.8282e-01  -2.0005e-01
   0.6057   3.6057  -9.1210e-06  -4.7024e-06  -1.6708e-05  -3.3433e-01  -2.1687e-01  -2.2208e-01
El     17  CPS4                                     EL1     19     28     29     20
   1.3943   0.3943   5.2361e-05  -1.6962e-05  -4.6392e-05   1.6272e+00  -2.1565e-01  -6.1662e-01
   1.3943   0.1057   1.0270e-04  -1.6962e-05  -3.9572e-05   3.3000e+00   1.1891e-01  -5.2598e-01
   1.1057   0.3943   5.2361e-05  -1.0143e-05   3.9501e-06   1.6725e+00   1.0948e-02   5.2504e-02
   1.1057   0.1057   1.0270e-04  -1.0143e-05   1.0769e-05   3.3453e+00   3.4551e-01   1.4314e-01
El     18  CPS4                                     EL1     20     29     30     21
   1.3943   0.8943   2.0276e-05  -1.7390e-05  -9.6979e-05   5.5818e-01  -4.4311e-01  -1.2890e+00
   1.3943   0.6057   3.0275e-05  -1.7390e-05  -1.1802e-04   8.9044e-01  -3.7665e-01  -1.5687e+00
   1.1057   0.8943   2.0276e-05  -3.8432e-05  -8.6980e-05   4.1834e-01  -1.1423e+00  -1.1561e+00
   1.1057   0.6057   3.0275e-05  -3.8432e-05  -1.0802e-04   7.5060e-01  -1.0759e+00  -1.4358e+00
El     19  CPS4                                     EL1     21     30     31     22
   1.3943   1.3943   4.9654e-06  -2.3124e-05  -1.2534e-04   1.1318e-02  -7.3539e-01  -1.6659e+00
   1.3943   1.1057   1.3494e-05  -2.3124e-05  -1.4315e-04   2.9472e-01  -6.7871e-01  -1.9027e+00
   1.1057   1.3943   4.9654e-06  -4.0934e-05  -1.1681e-04  -1.0704e-01  -1.3272e+00  -1.5526e+00
   1.1057   1.1057   1.3494e-05  -4.0934e-05  -1.3462e-04   1.7636e-01  -1.2705e+00  -1.7893e+00
El     20  CPS4                                     EL1     22     31     32     23
   1.3943   1.8943  -6.4152e-06  -2.2050e-05  -1.3232e-04  -3.5971e-01  -7.7532e-01  -1.7587e+00
   1.3943   1.6057  -3.6928e-07  -2.2050e-05  -1.4568e-04  -1.5881e-01  -7.3514e-01  -1.9363e+00
   1.1057   1.8943  -6.4152e-06  -3.5409e-05  -1.2627e-04  -4.4849e-01  -1.2192e+00  -1.6783e+00
   1.1057   1.6057  -3.6928e-07  -3.5409e-05  -1.3963e-04  -2.4759e-01  -1.1791e+00  -1.8559e+00
El     21  CPS4                                     EL1     23     32     33     24
   1.3943   2.3943  -1.5674e-05  -1.6589e-05  -1.2215e-04  -6.3106e-01  -6.5539e-01  -1.6236e+00
   1.3943   2.1057  -1.0516e-05  -1.6589e-05  -1.3192e-04  -4.5968e-01  -6.2111e-01  -1.7534e+00
   1.1057   2.3943  -1.5674e-05  -2.6356e-05  -1.1699e-04  -6.9598e-01  -9.7995e-01  -1.5550e+00
   1.1057   2.1057  -1.0516e-05  -2.6356e-05  -1.2676e-04  -5.2459e-01  -9.4567e-01  -1.6848e+00
El     22  CPS4                                     EL1     24     33     34     25
   1.3943   2.8943  -2.2809e-05  -8.8154e-06  -9.6988e-05  -8.1651e-01  -4.4451e-01  -1.2891e+00
   1.3943   2.6057  -1.8967e-05  -8.8154e-06  -1.0396e-04  -6.8886e-01  -4.1898e-01  -1.3818e+00
   1.1057   2.8943  -2.2809e-05  -1.5785e-05  -9.3146e-05  -8.6283e-01  -6.7611e-01  -1.2381e+00
   1.1057   2.6057  -1.8967e-05  -1.5785e-05  -1.0012e-04  -7.3518e-01  -6.5058e-01  -1.3307e+00
El     23  CPS4                                     EL1     25     34     35     26
   1.3943   3.3943  -2.5360e-05  -1.8074e-06  -6.1665e-05  -8.5470e-01  -2.2859e-01  -8.1964e-01
   1.3943   3.1057  -2.4522e-05  -1.8074e-06  -6.6184e-05  -8.2685e-01  -2.2302e-01  -8.7970e-01
   1.1057   3.3943  -2.5360e-05  -6.3260e-06  -6.0827e-05  -8.8473e-01  -3.7874e-01  -8.0850e-01
   1.1057   3.1057  -2.4522e-05  -6.3260e-06  -6.5346e-05  -8.5688e-01  -3.7317e-01  -8.6856e-01
El     24  CPS4                                     EL1     26     35     36     27
   1.3943   3.8943  -1.9442e-05   1.4951e-06  -1.9475e-05  -6.3610e-01  -7.9527e-02  -2.5885e-01
   1.3943   3.6057  -2.3999e-05   1.4951e-06  -2.2355e-05  -7.8752e-01  -1.0981e-01  -2.9713e-01
   1.1057   3.8943  -1.9442e-05  -1.3848e-06  -2.4032e-05  -6.5524e-01  -1.7522e-01  -3.1942e-01
   1.1057   3.6057  -2.3999e-05  -1.3848e-06  -2.6911e-05  -8.0666e-01  -2.0551e-01  -3.5770e-01
El     25  CPS4                                     EL1     28     37     38     29
   1.8943   0.3943   8.0029e-05  -2.0084e-05  -3.3823e-05   2.5258e+00  -1.3550e-01  -4.4956e-01
   1.8943   0.1057   1.1596e-04  -2.0084e-05  -3.3365e-05   3.7197e+00   1.0327e-01  -4.4347e-01
   1.6057   0.3943   8.0029e-05  -1.9626e-05   2.1063e-06   2.5289e+00  -1.2028e-01   2.7997e-02
   1.6057   0.1057   1.1596e-04  -1.9626e-05   2.5643e-06   3.7228e+00   1.1849e-01   3.4084e-02
El     26  CPS4                                     EL1     29     38     39     30
   1.8943   0.8943   3.4408e-05  -1.1274e-05  -8.1036e-05   1.0684e+00  -1.4597e-01  -1.0771e+00
   1.8943   0.6057   5.8178e-05  -1.1274e-05  -7.9875e-05   1.8583e+00   1.2003e-02  -1.0617e+00
   1.6057   0.8943   3.4408e-05  -1.0113e-05  -5.7266e-05   1.0761e+00  -1.0738e-01  -7.6116e-01
   1.6057   0.6057   5.8178e-05  -1.0113e-05  -5.6105e-05   1.8660e+00   5.0590e-02  -7.4573e-01
El     27  CPS4                                     EL1     30     39     40     31
   1.8943   1.3943   8.2779e-06  -1.0294e-05  -1.1996e-04   2.0665e-01  -2.8704e-01  -1.5945e+00
   1.8943   1.1057   2.1038e-05  -1.0294e-05  -1.2458e-04   6.3065e-01  -2.0224e-01  -1.6559e+00
   1.6057   1.3943   8.2779e-06  -1.4914e-05  -1.0720e-04   1.7595e-01  -4.4057e-01  -1.4249e+00
   1.6057   1.1057   2.1038e-05  -1.4914e-05  -1.1182e-04   5.9994e-01  -3.5577e-01  -1.4863e+00
El     28  CPS4                                     EL1     31     40     41     32
   1.8943   1.8943  -1.0335e-05  -1.0616e-05  -1.3908e-04  -4.1397e-01  -4.2144e-01  -1.8485e+00
   1.8943   1.6057  -1.2838e-07  -1.0616e-05  -1.4387e-04  -7.4816e-02  -3.5360e-01  -1.9122e+00
   1.6057   1.8943  -1.0335e-05  -1.5406e-05  -1.2887e-04  -4.4581e-01  -5.8062e-01  -1.7129e+00
   1.6057   1.6057  -1.2838e-07  -1.5406e-05  -1.3366e-04  -1.0665e-01  -5.1279e-01  -1.7766e+00
El     29  CPS4                                     EL1     32     41     42     33
   1.8943   2.3943  -2.6123e-05  -7.3049e-06  -1.3746e-04  -9.1660e-01  -4.1634e-01  -1.8271e+00
   1.8943   2.1057  -1.7300e-05  -7.3049e-06  -1.4164e-04  -6.2342e-01  -3.5771e-01  -1.8827e+00
   1.6057   2.3943  -2.6123e-05  -1.1484e-05  -1.2864e-04  -9.4437e-01  -5.5521e-01  -1.7099e+00
   1.6057   2.1057  -1.7300e-05  -1.1484e-05  -1.3282e-04  -6.5119e-01  -4.9657e-01  -1.7654e+00
El     30  CPS4                                     EL1     33     42     43     34
   1.8943   2.8943  -3.8409e-05  -1.0945e-06  -1.1522e-04  -1.2836e+00  -2.9163e-01  -1.5315e+00
   1.8943   2.6057  -3.1779e-05  -1.0945e-06  -1.1900e-04  -1.0633e+00  -2.4757e-01  -1.5818e+00
   1.6057   2.8943  -3.8409e-05  -4.8790e-06  -1.0859e-04  -1.3087e+00  -4.1738e-01  -1.4434e+00
   1.6057   2.6057  -3.1779e-05  -4.8790e-06  -1.1238e-04  -1.0884e+00  -3.7332e-01  -1.4937e+00
El     31  CPS4                                     EL1     34     43     44     35
   1.8943   3.3943  -4.3699e-05   4.8675e-06  -7.4924e-05  -1.4197e+00  -1.2867e-01  -9.9586e-01
   1.8943   3.1057  -4.1603e-05   4.8675e-06  -7.8599e-05  -1.3501e+00  -1.1474e-01  -1.0447e+00
   1.6057   3.3943  -4.3699e-05   1.1919e-06  -7.2827e-05  -1.4442e+00  -2.5081e-01  -9.6800e-01
   1.6057   3.1057  -4.1603e-05   1.1919e-06  -7.6503e-05  -1.3745e+00  -2.3688e-01  -1.0169e+00
El     32  CPS4                                     EL1     35     44     45     36
   1.8943   3.8943  -4.0833e-05   6.4924e-06  -2.4561e-05  -1.3137e+00  -5.5633e-02  -3.2645e-01
   1.8943   3.6057  -4.3493e-05   6.4924e-06  -2.7447e-05  -1.4021e+00  -7.3310e-02  -3.6482e-01
   1.6057   3.8943  -4.0833e-05   3.6058e-06  -2.7220e-05  -1.3329e+00  -1.5155e-01  -3.6181e-01
   1.6057   3.6057  -4.3493e-05   3.6058e-06  -3.0107e-05  -1.4213e+00  -1.6923e-01  -4.0017e-01
El     33  CPS4                                     EL1     37     46     47     38
   2.3943   0.3943   9.9032e-05  -2.3670e-05  -3.4585e-05   3.1335e+00  -1.2838e-01  -4.5970e-01
   2.3943   0.1057   1.2944e-04  -2.3670e-05  -3.2083e-05   4.1440e+00   7.3740e-02  -4.2643e-01
   2.1057   0.3943   9.9032e-05  -2.1167e-05  -4.1728e-06   3.1501e+00  -4.5220e-02  -5.5463e-02
   2.1057   0.1057   1.2944e-04  -2.1167e-05  -1.6702e-06   4.1607e+00   1.5690e-01  -2.2200e-02
El     34  CPS4                                     EL1     38     47     48     39
   2.3943   0.8943   5.3516e-05  -1.5654e-05  -7.3304e-05   1.6743e+00  -1.6451e-01  -9.7434e-01
   2.3943   0.6057   7.8687e-05  -1.5654e-05  -7.0409e-05   2.5107e+00   2.7748e-03  -9.3586e-01
   2.1057   0.8943   5.3516e-05  -1.2759e-05  -4.8133e-05   1.6935e+00  -6.8312e-02  -6.3977e-01
   2.1057   0.6057   7.8687e-05  -1.2759e-05  -4.5239e-05   2.5299e+00   9.8970e-02  -6.0130e-01
El     35  CPS4                                     EL1     39     48     49     40
   2.3943   1.3943   1.9456e-05  -1.2817e-05  -1.0982e-04   5.6132e-01  -2.9658e-01  -1.4597e+00
   2.3943   1.1057   3.7645e-05  -1.2817e-05  -1.0674e-04   1.1657e+00  -1.7570e-01  -1.4187e+00
   2.1057   1.3943   1.9456e-05  -9.7318e-06  -9.1632e-05   5.8182e-01  -1.9408e-01  -1.2179e+00
   2.1057   1.1057   3.7645e-05  -9.7318e-06  -8.8547e-05   1.1862e+00  -7.3197e-02  -1.1769e+00
El     36  CPS4                                     EL1     40     49     50     41
   2.3943   1.8943  -6.7790e-06  -1.3043e-05  -1.3628e-04  -3.1194e-01  -4.7846e-01  -1.8113e+00
   2.3943   1.6057   7.5523e-06  -1.3043e-05  -1.3322e-04   1.6428e-01  -3.8321e-01  -1.7707e+00
   2.1057   1.8943  -6.7790e-06  -9.9824e-06  -1.2194e-04  -2.9160e-01  -3.7676e-01  -1.6209e+00
   2.1057   1.6057   7.5523e-06  -9.9824e-06  -1.1888e-04   1.8461e-01  -2.8152e-01  -1.5802e+00
El     37  CPS4                                     EL1     41     50     51     42
   2.3943   2.3943  -3.1233e-05  -1.0999e-05  -1.4760e-04  -1.1109e+00  -5.7306e-01  -1.9618e+00
   2.3943   2.1057  -1.7171e-05  -1.0999e-05  -1.4377e-04  -6.4369e-01  -4.7961e-01  -1.9110e+00
   2.1057   2.3943  -3.1233e-05  -7.1750e-06  -1.3353e-04  -1.0855e+00  -4.4599e-01  -1.7749e+00
   2.1057   2.1057  -1.7171e-05  -7.1750e-06  -1.2971e-04  -6.1828e-01  -3.5254e-01  -1.7241e+00
El     38  CPS4                                     EL1     42     51     52     43
   2.3943   2.8943  -5.3122e-05  -1.9712e-06  -1.3244e-04  -1.7783e+00  -4.1854e-01  -1.7604e+00
   2.3943   2.6057  -4.0866e-05  -1.9712e-06  -1.3079e-04  -1.3710e+00  -3.3709e-01  -1.7384e+00
   2.1057   2.8943  -5.3122e-05  -3.1533e-07  -1.2019e-04  -1.7673e+00  -3.6352e-01  -1.5975e+00
   2.1057   2.6057  -4.0866e-05  -3.1533e-07  -1.1853e-04  -1.3600e+00  -2.8207e-01  -1.5755e+00
El     39  CPS4                                     EL1     43     52     53     44
   2.3943   3.3943  -6.5255e-05   7.1907e-06  -8.7429e-05  -2.1206e+00  -1.9474e-01  -1.1621e+00
   2.3943   3.1057  -5.9657e-05   7.1907e-06  -8.8145e-05  -1.9346e+00  -1.5753e-01  -1.1716e+00
   2.1057   3.3943  -6.5255e-05   6.4749e-06  -8.1830e-05  -2.1254e+00  -2.1852e-01  -1.0877e+00
   2.1057   3.1057  -5.9657e-05   6.4749e-06  -8.2546e-05  -1.9393e+00  -1.8132e-01  -1.0972e+00
El     40  CPS4                                     EL1     44     53     54     45
   2.3943   3.8943  -6.3922e-05   1.2174e-05  -2.4695e-05  -2.0432e+00  -2.0266e-02  -3.2824e-01
   2.3943   3.6057  -6.6398e-05   1.2174e-05  -2.8081e-05  -2.1254e+00  -3.6725e-02  -3.7325e-01
   2.1057   3.8943  -6.3922e-05   8.7884e-06  -2.7172e-05  -2.0657e+00  -1.3278e-01  -3.6116e-01
   2.1057   3.6057  -6.6398e-05   8.7884e-06  -3.0558e-05  -2.1479e+00  -1.4924e-01  -4.0617e-01
El     41  CPS4                                     EL1     46     55     56     47
   2.8943   0.3943   1.1464e-04  -2.7459e-05  -3.3514e-05   3.6270e+00  -1.5053e-01  -4.4545e-01
   2.8943   0.1057   1.4446e-04  -2.7459e-05  -3.1411e-05   4.6177e+00   4.7614e-02  -4.1750e-01
   2.6057   0.3943   1.1464e-04  -2.5356e-05  -3.6984e-06   3.6410e+00  -8.0648e-02  -4.9158e-02
   2.6057   0.1057   1.4446e-04  -2.5356e-05  -1.5953e-06   4.6317e+00   1.1750e-01  -2.1204e-02
El     42  CPS4                                     EL1     47     56     57     48
   2.8943   0.8943   6.9479e-05  -2.1481e-05  -6.4504e-05   2.1660e+00  -2.5206e-01  -8.5736e-01
   2.8943   0.6057   9.4552e-05  -2.1481e-05  -6.1013e-05   2.9991e+00  -8.5424e-02  -8.1097e-01
   2.6057   0.8943   6.9479e-05  -1.7991e-05  -3.9430e-05   2.1892e+00  -1.3608e-01  -5.2409e-01
   2.6057   0.6057   9.4552e-05  -1.7991e-05  -3.5940e-05   3.0223e+00   3.0552e-02  -4.7770e-01
El     43  CPS4                                     EL1     48     57     58     49
   2.8943   1.3943   3.3310e-05  -2.1249e-05  -9.4513e-05   9.6564e-01  -4.8472e-01  -1.2562e+00
   2.8943   1.1057   5.3069e-05  -2.1249e-05  -8.9167e-05   1.6222e+00  -3.5340e-01  -1.1852e+00
   2.6057   1.3943   3.3310e-05  -1.5903e-05  -7.4754e-05   1.0012e+00  -3.0706e-01  -9.9361e-01
   2.6057   1.1057   5.3069e-05  -1.5903e-05  -6.9408e-05   1.6578e+00  -1.7574e-01  -9.2254e-01
El     44  CPS4                                     EL1     49     58     59     50
   2.8943   1.8943   3.3813e-06  -2.5269e-05  -1.2301e-04  -5.5578e-02  -8.1720e-01  -1.6351e+00
   2.8943   1.6057   1.9996e-05  -2.5269e-05  -1.1488e-04   4.9652e-01  -7.0678e-01  -1.5270e+00
   2.6057   1.8943   3.3813e-06  -1.7139e-05  -1.0640e-04  -1.5450e-03  -5.4704e-01  -1.4142e+00
   2.6057   1.6057   1.9996e-05  -1.7139e-05  -9.8269e-05   5.5055e-01  -4.3662e-01  -1.3062e+00
El     45  CPS4                                     EL1     50     59     60     51
   2.8943   2.3943  -2.5932e-05  -2.9252e-05  -1.4826e-04  -1.0561e+00  -1.1443e+00  -1.9706e+00
   2.8943   2.1057  -8.9251e-06  -2.9252e-05  -1.3592e-04  -4.9098e-01  -1.0313e+00  -1.8066e+00
   2.6057   2.3943  -2.5932e-05  -1.6915e-05  -1.3125e-04  -9.7411e-01  -7.3440e-01  -1.7445e+00
   2.6057   2.1057  -8.9251e-06  -1.6915e-05  -1.1891e-04  -4.0898e-01  -6.2137e-01  -1.5805e+00
El     46  CPS4                                     EL1     51     60     61     52
   2.8943   2.8943  -6.3730e-05  -2.4587e-05  -1.6365e-04  -2.2811e+00  -1.2405e+00  -2.1752e+00
   2.8943   2.6057  -4.0617e-05  -2.4587e-05  -1.4754e-04  -1.5131e+00  -1.0869e+00  -1.9610e+00
   2.6057   2.8943  -6.3730e-05  -8.4748e-06  -1.4054e-04  -2.1740e+00  -7.0515e-01  -1.8679e+00
   2.6057   2.6057  -4.0617e-05  -8.4748e-06  -1.2442e-04  -1.4060e+00  -5.5154e-01  -1.6538e+00
El     47  CPS4                                     EL1     52     61     62     53
   2.8943   3.3943  -9.1816e-05   3.9637e-06  -1.1401e-04  -3.0246e+00  -4.7848e-01  -1.5154e+00
   2.8943   3.1057  -7.7449e-05   3.9637e-06  -1.1145e-04  -2.5472e+00  -3.8300e-01  -1.4814e+00
   2.6057   3.3943  -9.1816e-05   6.5178e-06  -9.9640e-05  -3.0077e+00  -3.9361e-01  -1.3244e+00
   2.6057   3.1057  -7.7449e-05   6.5178e-06  -9.7086e-05  -2.5302e+00  -2.9813e-01  -1.2904e+00
El     48  CPS4                                     EL1     53     62     63     54
   2.8943   3.8943  -8.6608e-05   1.0300e-05  -2.7160e-05  -2.8094e+00  -2.3332e-01  -3.6101e-01
   2.8943   3.6057  -9.4270e-05   1.0300e-05  -2.4881e-05  -3.0641e+00  -2.8424e-01  -3.3071e-01
   2.6057   3.8943  -8.6608e-05   1.2579e-05  -3.4823e-05  -2.7943e+00  -1.5757e-01  -4.6286e-01
   2.6057   3.6057  -9.4270e-05   1.2579e-05  -3.2544e-05  -3.0489e+00  -2.0850e-01  -4.3256e-01
El     49  CPS4                                     EL1     55     64     65     56
   3.3943   0.3943   1.2649e-04  -3.0322e-05  -2.8985e-05   4.0018e+00  -1.6692e-01  -3.8526e-01
   3.3943   0.1057   1.5733e-04  -3.0322e-05  -2.7452e-05   5.0264e+00   3.8000e-02  -3.6489e-01
   3.1057   0.3943   1.2649e-04  -2.8789e-05   1.8497e-06   4.0119e+00  -1.1600e-01   2.4586e-02
   3.1057   0.1057   1.5733e-04  -2.8789e-05   3.3822e-06   5.0365e+00   8.8925e-02   4.4956e-02
El     50  CPS4                                     EL1     56     65     66     57
   3.3943   0.8943   8.1383e-05  -2.6320e-05  -4.8528e-05   2.5294e+00  -3.3375e-01  -6.4501e-01
   3.3943   0.6057   1.0614e-04  -2.6320e-05  -4.5920e-05   3.3522e+00  -1.6919e-01  -6.1036e-01
   3.1057   0.8943   8.1383e-05  -2.3713e-05  -2.3767e-05   2.5467e+00  -2.4711e-01  -3.1590e-01
   3.1057   0.6057   1.0614e-04  -2.3713e-05  -2.1159e-05   3.3695e+00  -8.2550e-02  -2.8124e-01
El     51  CPS4                                     EL1     57     66     67     58
   3.3943   1.3943   4.5742e-05  -2.9767e-05  -6.8280e-05   1.3222e+00  -6.8514e-01  -9.0756e-01
   3.3943   1.1057   6.5198e-05  -2.9767e-05  -6.3477e-05   1.9687e+00  -5.5584e-01  -8.4372e-01
   3.1057   1.3943   4.5742e-05  -2.4964e-05  -4.8824e-05   1.3541e+00  -5.2554e-01  -6.4895e-01
   3.1057   1.1057   6.5198e-05  -2.4964e-05  -4.4021e-05   2.0006e+00  -3.9624e-01  -5.8511e-01
El     52  CPS4                                     EL1     58     67     68     59
   3.3943   1.8943   1.6881e-05  -4.0022e-05  -9.1264e-05   2.9497e-01  -1.2177e+00  -1.2131e+00
   3.3943   1.6057   3.2796e-05  -4.0022e-05  -8.2643e-05   8.2380e-01  -1.1119e+00  -1.0985e+00
   3.1057   1.8943   1.6881e-05  -3.1401e-05  -7.5350e-05   3.5227e-01  -9.3123e-01  -1.0015e+00
   3.1057   1.6057   3.2796e-05  -3.1401e-05  -6.6728e-05   8.8110e-01  -8.2546e-01  -8.8693e-01
El     53  CPS4                                     EL1     59     68     69     60
   3.3943   2.3943  -1.0750e-05  -5.5405e-05  -1.2168e-04  -7.2542e-01  -1.9125e+00  -1.6173e+00
   3.3943   2.1057   5.2132e-06  -5.5405e-05  -1.0584e-04  -1.9498e-01  -1.8064e+00  -1.4068e+00
   3.1057   2.3943  -1.0750e-05  -3.9565e-05  -1.0572e-04  -6.2015e-01  -1.3862e+00  -1.4051e+00
   3.1057   2.1057   5.2132e-06  -3.9565e-05  -8.9876e-05  -8.9713e-02  -1.2801e+00  -1.1946e+00
El     54  CPS4                                     EL1     60     69     70     61
   3.3943   2.8943  -4.5304e-05  -7.2764e-05  -1.6776e-04  -1.9890e+00  -2.7190e+00  -2.2299e+00
   3.3943   2.6057  -2.4286e-05  -7.2764e-05  -1.3681e-04  -1.2906e+00  -2.5793e+00  -1.8185e+00
   3.1057   2.8943  -4.5304e-05  -4.1813e-05  -1.4675e-04  -1.7833e+00  -1.6905e+00  -1.9505e+00
   3.1057   2.6057  -2.4286e-05  -4.1813e-05  -1.1580e-04  -1.0849e+00  -1.5508e+00  -1.5391e+00
El     55  CPS4                                     EL1     61     70     71     62
   3.3943   3.3943  -1.2649e-04  -7.2740e-05  -2.3741e-04  -4.6865e+00  -3.2577e+00  -3.1556e+00
   3.3943   3.1057  -7.2689e-05  -7.2740e-05  -1.8195e-04  -2.8988e+00  -2.9002e+00  -2.4184e+00
   3.1057   3.3943  -1.2649e-04  -1.7273e-05  -1.8361e-04  -4.3178e+00  -1.4146e+00  -2.4405e+00
   3.1057   3.1057  -7.2689e-05  -1.7273e-05  -1.2815e-04  -2.5302e+00  -1.0571e+00  -1.7033e+00
El     56  CPS4                                     EL1     62     71     72     63
   3.3943   3.8943  -1.2166e-04   3.6246e-05  -3.3968e-05  -3.8018e+00   3.9587e-01  -4.5149e-01
   3.3943   3.6057  -1.3961e-04   3.6246e-05  -5.3572e-05  -4.3982e+00   2.7659e-01  -7.1206e-01
   3.1057   3.8943  -1.2166e-04   1.6641e-05  -5.1916e-05  -3.9321e+00  -2.5556e-01  -6.9005e-01
   3.1057   3.6057  -1.3961e-04   1.6641e-05  -7.1520e-05  -4.5285e+00  -3.7484e-01  -9.5062e-01
El     57  CPS4                                     EL1     64     73     74     65
   3.8943   0.3943   1.3310e-04  -3.1561e-05  -2.1194e-05   4.2130e+00  -1.6420e-01  -2.8170e-01
   3.8943   0.1057   1.6491e-04  -3.1561e-05  -2.0698e-05   5.2701e+00   4.7213e-02  -2.7510e-01
   3.6057   0.3943   1.3310e-04  -3.1065e-05   1.0617e-05   4.2163e+00  -1.4770e-01   1.4112e-01
   3.6057   0.1057   1.6491e-04  -3.1065e-05   1.1113e-05   5.2734e+00   6.3709e-02   1.4771e-01
El     58  CPS4                                     EL1     65     74     75     66
   3.8943   0.8943   8.7698e-05  -2.8215e-05  -2.5816e-05   2.7266e+00  -3.5475e-01  -3.4314e-01
   3.8943   0.6057   1.1241e-04  -2.8215e-05  -2.5128e-05   3.5478e+00  -1.9051e-01  -3.3399e-01
   3.6057   0.8943   8.7698e-05  -2.7527e-05  -1.1041e-06   2.7312e+00  -3.3187e-01  -1.4676e-02
   3.6057   0.6057   1.1241e-04  -2.7527e-05  -4.1561e-07   3.5523e+00  -1.6763e-01  -5.5241e-03
El     59  CPS4                                     EL1     66     75     76     67
   3.8943   1.3943   5.3205e-05  -3.3758e-05  -3.0287e-05   1.5436e+00  -7.6817e-01  -4.0256e-01
   3.8943   1.1057   7.1834e-05  -3.3758e-05  -2.8652e-05   2.1626e+00  -6.4437e-01  -3.8083e-01
   3.6057   1.3943   5.3205e-05  -3.2124e-05  -1.1658e-05   1.5545e+00  -7.1385e-01  -1.5495e-01
   3.6057   1.1057   7.1834e-05  -3.2124e-05  -1.0023e-05   2.1735e+00  -5.9004e-01  -1.3322e-01
El     60  CPS4                                     EL1     67     76     77     68
   3.8943   1.8943   2.7149e-05  -4.8423e-05  -3.8074e-05   5.8032e-01  -1.4286e+00  -5.0607e-01
   3.8943   1.6057   4.1232e-05  -4.8423e-05  -3.4234e-05   1.0483e+00  -1.3350e+00  -4.5502e-01
   3.6057   1.8943   2.7149e-05  -4.4583e-05  -2.3991e-05   6.0584e-01  -1.3010e+00  -3.1888e-01
   3.6057   1.6057   4.1232e-05  -4.4583e-05  -2.0151e-05   1.0738e+00  -1.2074e+00  -2.6784e-01
El     61  CPS4                                     EL1     68     77     78     69
   3.8943   2.3943   5.5228e-06  -7.2598e-05  -5.3748e-05  -2.9896e-01  -2.3757e+00  -7.1441e-01
   3.8943   2.1057   1.7581e-05  -7.2598e-05  -4.5407e-05   1.0172e-01  -2.2955e+00  -6.0353e-01
   3.6057   2.3943   5.5228e-06  -6.4256e-05  -4.1690e-05  -2.4352e-01  -2.0985e+00  -5.5414e-01
   3.6057   2.1057   1.7581e-05  -6.4256e-05  -3.3349e-05   1.5716e-01  -2.0183e+00  -4.4326e-01
El     62  CPS4                                     EL1     69     78     79     70
   3.8943   2.8943  -1.7623e-05  -1.0938e-04  -8.4206e-05  -1.3125e+00  -3.7517e+00  -1.1192e+00
   3.8943   2.6057  -3.9101e-06  -1.0938e-04  -6.5696e-05  -8.5684e-01  -3.6605e+00  -8.7321e-01
   3.6057   2.8943  -1.7623e-05  -9.0868e-05  -7.0493e-05  -1.1895e+00  -3.1366e+00  -9.3697e-01
   3.6057   2.6057  -3.9101e-06  -9.0868e-05  -5.1983e-05  -7.3382e-01  -3.0455e+00  -6.9094e-01
El     63  CPS4                                     EL1     70     79     80     71
   3.8943   3.3943  -4.5526e-05  -1.8397e-04  -1.8061e-04  -2.7354e+00  -6.4158e+00  -2.4006e+00
   3.8943   3.1057  -2.8774e-05  -1.8397e-04  -1.1404e-04  -2.1788e+00  -6.3044e+00  -1.5158e+00
   3.6057   3.3943  -4.5526e-05  -1.1741e-04  -1.6386e-04  -2.2931e+00  -4.2039e+00  -2.1779e+00
   3.6057   3.1057  -2.8774e-05  -1.1741e-04  -9.7293e-05  -1.7364e+00  -4.0925e+00  -1.2932e+00
El     64  CPS4                                     EL1     71     80     81     72
   3.8943   3.8943  -2.4599e-04  -3.6396e-04  -5.6057e-04  -1.0593e+01  -1.3729e+01  -7.4510e+00
   3.8943   3.6057  -1.0373e-04  -3.6396e-04  -2.6235e-04  -5.8656e+00  -1.2783e+01  -3.4871e+00
   3.6057   3.8943  -2.4599e-04  -6.5736e-05  -4.1831e-04  -8.6109e+00  -3.8191e+00  -5.5601e+00
   3.6057   3.6057  -1.0373e-04  -6.5736e-05  -1.2009e-04  -3.8837e+00  -2.8737e+00  -1.5962e+00
El     65  CPS4                                     EL1     73     82     83     74
   4.3943   0.3943   1.3335e-04  -3.0753e-05  -1.2848e-05   4.2268e+00  -1.3567e-01  -1.7078e-01
   4.3943   0.1057   1.6575e-04  -3.0753e-05  -1.3573e-05   5.3033e+00   7.9620e-02  -1.8040e-01
   4.1057   0.3943   1.3335e-04  -3.1478e-05   1.9547e-05   4.2220e+00  -1.5974e-01   2.5981e-01
   4.1057   0.1057   1.6575e-04  -3.1478e-05   1.8822e-05   5.2985e+00   5.5553e-02   2.5018e-01
El     66  CPS4                                     EL1     74     83     84     75
   4.3943   0.8943   8.6744e-05  -2.5847e-05  -1.3637e-06   2.7107e+00  -2.8238e-01  -1.8126e-02
   4.3943   0.6057   1.1218e-04  -2.5847e-05  -3.2820e-06   3.5560e+00  -1.1331e-01  -4.3624e-02
   4.1057   0.8943   8.6744e-05  -2.7765e-05   2.4076e-05   2.6979e+00  -3.4613e-01   3.2001e-01
   4.1057   0.6057   1.1218e-04  -2.7765e-05   2.2158e-05   3.5432e+00  -1.7706e-01   2.9451e-01
El     67  CPS4                                     EL1     75     84     85     76
   4.3943   1.3943   5.2514e-05  -3.0267e-05   1.3503e-05   1.5438e+00  -6.5675e-01   1.7947e-01
   4.3943   1.1057   7.0756e-05  -3.0267e-05   1.0509e-05   2.1500e+00  -5.3551e-01   1.3968e-01
   4.1057   1.3943   5.2514e-05  -3.3261e-05   3.1744e-05   1.5239e+00  -7.5623e-01   4.2194e-01
   4.1057   1.1057   7.0756e-05  -3.3261e-05   2.8750e-05   2.1301e+00  -6.3500e-01   3.8214e-01
El     68  CPS4                                     EL1     76     85     86     77
   4.3943   1.8943   2.8360e-05  -4.4879e-05   2.6711e-05   6.4412e-01  -1.3028e+00   3.5503e-01
   4.3943   1.6057   4.1154e-05  -4.4879e-05   2.3087e-05   1.0693e+00  -1.2178e+00   3.0687e-01
   4.1057   1.8943   2.8360e-05  -4.8502e-05   3.9505e-05   6.2004e-01  -1.4232e+00   5.2508e-01
   4.1057   1.6057   4.1154e-05  -4.8502e-05   3.5881e-05   1.0452e+00  -1.3382e+00   4.7692e-01
El     69  CPS4                                     EL1     77     86     87     78
   4.3943   2.3943   8.3960e-06  -6.7436e-05   3.6316e-05  -1.6918e-01  -2.1850e+00   4.8270e-01
   4.3943   2.1057   1.9582e-05  -6.7436e-05   3.0302e-05   2.0254e-01  -2.1107e+00   4.0276e-01
   4.1057   2.3943   8.3960e-06  -7.3450e-05   4.7502e-05  -2.0915e-01  -2.3849e+00   6.3138e-01
   4.1057   2.1057   1.9582e-05  -7.3450e-05   4.1488e-05   1.6257e-01  -2.3105e+00   5.5144e-01
El     70  CPS4                                     EL1     78     87     88     79
   4.3943   2.8943  -1.5480e-05  -9.5258e-05   5.2187e-05  -1.1475e+00  -3.2682e+00   6.9365e-01
   4.3943   2.6057  -9.9892e-07  -9.5258e-05   3.6890e-05  -6.6626e-01  -3.1720e+00   4.9033e-01
   4.1057   2.8943  -1.5480e-05  -1.1055e-04   6.6668e-05  -1.2491e+00  -3.7765e+00   8.8613e-01
   4.1057   2.6057  -9.9892e-07  -1.1055e-04   5.1371e-05  -7.6792e-01  -3.6803e+00   6.8281e-01
El     71  CPS4                                     EL1     79     88     89     80
   4.3943   3.3943  -4.6782e-05  -1.1999e-04   1.4010e-04  -2.3519e+00  -4.2980e+00   1.8622e+00
   4.3943   3.1057  -2.7747e-05  -1.1999e-04   7.5428e-05  -1.7194e+00  -4.1715e+00   1.0026e+00
   4.1057   3.3943  -4.6782e-05  -1.8466e-04   1.5914e-04  -2.7818e+00  -6.4471e+00   2.1152e+00
   4.1057   3.1057  -2.7747e-05  -1.8466e-04   9.4462e-05  -2.1493e+00  -6.3206e+00   1.2556e+00
El     72  CPS4                                     EL1     80     89     90     81
   4.3943   3.8943  -2.5062e-04  -6.5337e-05   4.0652e-04  -8.7622e+00  -3.8367e+00   5.4033e+00
   4.3943   3.6057  -1.0650e-04  -6.5337e-05   1.0801e-04  -3.9732e+00  -2.8789e+00   1.4356e+00
   4.1057   3.8943  -2.5062e-04  -3.6385e-04   5.5064e-04  -1.0746e+01  -1.3756e+01   7.3189e+00
   4.1057   3.6057  -1.0650e-04  -3.6385e-04   2.5213e-04  -5.9570e+00  -1.2798e+01   3.3512e+00
El     73  CPS4                                     EL1     82     91     92     83
   4.8943   0.3943   1.2750e-04  -2.8327e-05  -8.6486e-06   4.0485e+00  -9.3928e-02  -1.1495e-01
   4.8943   0.1057   1.6130e-04  -2.8327e-05  -1.0231e-05   5.1717e+00   1.3072e-01  -1.3599e-01
   4.6057   0.3943   1.2750e-04  -2.9909e-05   2.5154e-05   4.0380e+00  -1.4651e-01   3.3434e-01
   4.6057   0.1057   1.6130e-04  -2.9909e-05   2.3572e-05   5.1612e+00   7.8140e-02   3.1331e-01
El     74  CPS4                                     EL1     83     92     93     84
   4.8943   0.8943   7.7416e-05  -1.9262e-05   1.7422e-05   2.4444e+00  -1.2558e-01   2.3156e-01
   4.8943   0.6057   1.0502e-04  -1.9262e-05   1.3115e-05   3.3618e+00   5.7893e-02   1.7433e-01
   4.6057   0.8943   7.7416e-05  -2.3569e-05   4.5029e-05   2.4158e+00  -2.6867e-01   5.9851e-01
   4.6057   0.6057   1.0502e-04  -2.3569e-05   4.0723e-05   3.3332e+00  -8.5198e-02   5.4127e-01
El     75  CPS4                                     EL1     84     93     94     85
   4.8943   1.3943   4.2244e-05  -1.9649e-05   5.3874e-05   1.2731e+00  -3.7218e-01   7.1607e-01
   4.8943   1.1057   6.0594e-05  -1.9649e-05   4.6903e-05   1.8829e+00  -2.5023e-01   6.2342e-01
   4.6057   1.3943   4.2244e-05  -2.6620e-05   7.2224e-05   1.2268e+00  -6.0380e-01   9.5998e-01
   4.6057   1.1057   6.0594e-05  -2.6620e-05   6.5254e-05   1.8366e+00  -4.8185e-01   8.6733e-01
El     76  CPS4                                     EL1     85     94     95     86
   4.8943   1.8943   2.0275e-05  -3.0855e-05   8.8095e-05   4.6867e-01  -8.9054e-01   1.1709e+00
   4.8943   1.6057   3.1440e-05  -3.0855e-05   7.8799e-05   8.3967e-01  -8.1634e-01   1.0474e+00
   4.6057   1.8943   2.0275e-05  -4.0150e-05   9.9260e-05   4.0689e-01  -1.1994e+00   1.3193e+00
   4.6057   1.6057   3.1440e-05  -4.0150e-05   8.9964e-05   7.7790e-01  -1.1252e+00   1.1958e+00
El     77  CPS4                                     EL1     86     95     96     87
   4.8943   2.3943  -8.2803e-07  -4.6934e-05   1.0869e-04  -3.3943e-01  -1.5651e+00   1.4446e+00
   4.8943   2.1057   1.1629e-05  -4.6934e-05   9.5288e-05   7.4503e-02  -1.4823e+00   1.2665e+00
   4.6057   2.3943  -8.2803e-07  -6.0331e-05   1.2114e-04  -4.2846e-01  -2.0103e+00   1.6102e+00
   4.6057   2.1057   1.1629e-05  -6.0331e-05   1.0774e-04  -1.4534e-02  -1.9275e+00   1.4321e+00
El     78  CPS4                                     EL1     87     96     97     88
   4.8943   2.8943  -3.7361e-05  -5.2130e-05   1.2773e-04  -1.5879e+00  -1.9805e+00   1.6977e+00
   4.8943   2.6057  -1.3955e-05  -5.2130e-05   1.0026e-04  -8.1015e-01  -1.8250e+00   1.3326e+00
   4.6057   2.8943  -3.7361e-05  -7.9603e-05   1.5114e-04  -1.7705e+00  -2.8934e+00   2.0088e+00
   4.6057   2.6057  -1.3955e-05  -7.9603e-05   1.2366e-04  -9.9273e-01  -2.7379e+00   1.6437e+00
El     79  CPS4                                     EL1     88     97     98     89
   4.8943   3.3943  -1.2995e-04  -2.3394e-05   1.5096e-04  -4.4735e+00  -1.6410e+00   2.0066e+00
   4.8943   3.1057  -6.8440e-05  -2.3394e-05   9.7582e-05  -2.4297e+00  -1.2322e+00   1.2970e+00
   4.6057   3.3943  -1.2995e-04  -7.6776e-05   2.1247e-04  -4.8282e+00  -3.4148e+00   2.8241e+00
   4.6057   3.1057  -6.8440e-05  -7.6776e-05   1.5909e-04  -2.7845e+00  -3.0060e+00   2.1145e+00
El     80  CPS4                                     EL1     89     98     99     90
   4.8943   3.8943  -1.3786e-04   1.8045e-05   3.2424e-05  -4.4609e+00  -3.1653e-01   4.3096e-01
   4.8943   3.6057  -1.4855e-04   1.8045e-05   5.1370e-05  -4.8161e+00  -3.8757e-01   6.8280e-01
   4.6057   3.8943  -1.3786e-04   3.6992e-05   2.1734e-05  -4.3350e+00   3.1305e-01   2.8888e-01
   4.6057   3.6057  -1.4855e-04   3.6992e-05   4.0681e-05  -4.6902e+00   2.4201e-01   5.4071e-01
El     81  CPS4                                     EL1     91    100    101     92
   5.3943   0.3943   1.1795e-04  -2.6743e-05  -1.1916e-05   3.7416e+00  -1.0477e-01  -1.5838e-01
   5.3943   0.1057   1.5566e-04  -2.6743e-05  -1.2652e-05   4.9948e+00   1.4588e-01  -1.6816e-01
   5.1057   0.3943   1.1795e-04  -2.7478e-05   2.5799e-05   3.7367e+00  -1.2922e-01   3.4291e-01
   5.1057   0.1057   1.5566e-04  -2.7478e-05   2.5063e-05   4.9899e+00   1.2143e-01   3.3313e-01
El     82  CPS4                                     EL1     92    101    102     93
   5.3943   0.8943   5.9773e-05  -1.2944e-05   2.2122e-05   1.9002e+00  -3.2883e-02   2.9404e-01
   5.3943   0.6057   9.2254e-05  -1.2944e-05   1.8651e-05   2.9795e+00   1.8298e-01   2.4790e-01
   5.1057   0.8943   5.9773e-05  -1.6416e-05   5.4603e-05   1.8771e+00  -1.4823e-01   7.2576e-01
   5.1057   0.6057   9.2254e-05  -1.6416e-05   5.1131e-05   2.9564e+00   6.7629e-02   6.7962e-01
El     83  CPS4                                     EL1     93    102    103     94
   5.3943   1.3943   2.2153e-05  -4.8742e-06   8.2996e-05   7.0372e-01  -1.4743e-02   1.1032e+00
   5.3943   1.1057   4.0990e-05  -4.8742e-06   7.4048e-05   1.3297e+00   1.1044e-01   9.8422e-01
   5.1057   1.3943   2.2153e-05  -1.3822e-05   1.0183e-04   6.4425e-01  -3.1208e-01   1.3535e+00
   5.1057   1.1057   4.0990e-05  -1.3822e-05   9.2885e-05   1.2702e+00  -1.8690e-01   1.2346e+00
El     84  CPS4                                     EL1     94    103    104     95
   5.3943   1.8943   7.9181e-06  -1.4097e-05   1.3962e-04   1.6942e-01  -4.1582e-01   1.8558e+00
   5.3943   1.6057   1.3291e-05  -1.4097e-05   1.2984e-04   3.4797e-01  -3.8011e-01   1.7258e+00
   5.1057   1.8943   7.9181e-06  -2.3874e-05   1.4499e-04   1.0445e-01  -7.4069e-01   1.9272e+00
   5.1057   1.6057   1.3291e-05  -2.3874e-05   1.3522e-04   2.8299e-01  -7.0498e-01   1.7973e+00
El     85  CPS4                                     EL1     95    104    105     96
   5.3943   2.3943  -4.6770e-06  -2.6855e-05   1.5350e-04  -3.3388e-01  -9.2344e-01   2.0403e+00
   5.3943   2.1057   3.1036e-06  -2.6855e-05   1.4239e-04  -7.5342e-02  -8.7173e-01   1.8926e+00
   5.1057   2.3943  -4.6770e-06  -3.7964e-05   1.6128e-04  -4.0771e-01  -1.2926e+00   2.1437e+00
   5.1057   2.1057   3.1036e-06  -3.7964e-05   1.5017e-04  -1.4917e-01  -1.2409e+00   1.9960e+00
El     86  CPS4                                     EL1     96    105    106     97
   5.3943   2.8943  -4.5695e-05  -2.4649e-05   1.2005e-04  -1.6822e+00  -1.1227e+00   1.5957e+00
   5.3943   2.6057  -1.7753e-05  -2.4649e-05   1.0730e-04  -7.5371e-01  -9.3704e-01   1.4262e+00
   5.1057   2.8943  -4.5695e-05  -3.7405e-05   1.4800e-04  -1.7670e+00  -1.5466e+00   1.9671e+00
   5.1057   2.6057  -1.7753e-05  -3.7405e-05   1.3524e-04  -8.3849e-01  -1.3609e+00   1.7976e+00
El     87  CPS4                                     EL1     97    106    107     98
   5.3943   3.3943  -9.7439e-05   4.3667e-08   5.1588e-05  -3.2375e+00  -6.4611e-01   6.8569e-01
   5.3943   3.1057  -6.7047e-05   4.3667e-08   4.8734e-05  -2.2276e+00  -4.4413e-01   6.4775e-01
   5.1057   3.3943  -9.7439e-05  -2.8105e-06   8.1980e-05  -3.2565e+00  -7.4096e-01   1.0897e+00
   5.1057   3.1057  -6.7047e-05  -2.8105e-06   7.9126e-05  -2.2466e+00  -5.3897e-01   1.0517e+00
El     88  CPS4                                     EL1     98    107    108     99
   5.3943   3.8943  -1.2076e-04   1.7568e-05   2.6419e-06  -3.8959e+00  -2.1875e-01   3.5115e-02
   5.3943   3.6057  -1.1183e-04   1.7568e-05  -2.0854e-06  -3.5993e+00  -1.5944e-01  -2.7718e-02
   5.1057   3.8943  -1.2076e-04   1.2841e-05   1.1567e-05  -3.9273e+00  -3.7584e-01   1.5375e-01
   5.1057   3.6057  -1.1183e-04   1.2841e-05   6.8399e-06  -3.6307e+00  -3.1652e-01   9.0913e-02
El     89  CPS4                                     EL1    100    109    110    101
   5.8943   0.3943   1.0878e-04  -2.8308e-05  -1.3204e-05   3.4265e+00  -2.1775e-01  -1.7551e-01
   5.8943   0.1057   1.5022e-04  -2.8308e-05  -1.1861e-05   4.8036e+00   5.7674e-02  -1.5765e-01
   5.6057   0.3943   1.0878e-04  -2.6965e-05   2.8238e-05   3.4354e+00  -1.7311e-01   3.7533e-01
   5.6057   0.1057   1.5022e-04  -2.6965e-05   2.9582e-05   4.8125e+00   1.0232e-01   3.9319e-01
El     90  CPS4                                     EL1    101    110    111    102
   5.8943   0.8943   4.0992e-05  -2.0367e-05   1.2548e-05   1.2268e+00  -4.0436e-01   1.6679e-01
   5.8943   0.6057   7.9510e-05  -2.0367e-05   1.8913e-05   2.5067e+00  -1.4838e-01   2.5138e-01
   5.6057   0.8943   4.0992e-05  -1.4003e-05   5.1066e-05   1.2691e+00  -1.9288e-01   6.7875e-01
   5.6057   0.6057   7.9510e-05  -1.4003e-05   5.7430e-05   2.5490e+00   6.3101e-02   7.6335e-01
El     91  CPS4                                     EL1    102    111    112    103
   5.8943   1.3943  -1.1604e-05  -2.6265e-06   7.5684e-05  -4.0304e-01  -1.6439e-01   1.0060e+00
   5.8943   1.1057   1.6579e-05  -2.6265e-06   7.6436e-05   5.3344e-01   2.2903e-02   1.0160e+00
   5.6057   1.3943  -1.1604e-05  -1.8743e-06   1.0387e-04  -3.9804e-01  -1.3940e-01   1.3806e+00
   5.6057   1.1057   1.6579e-05  -1.8743e-06   1.0462e-04   5.3843e-01   4.7898e-02   1.3906e+00
El     92  CPS4                                     EL1    103    112    113    104
   5.8943   1.8943  -4.8379e-06   8.0781e-06   1.9451e-04  -1.0707e-01   2.3628e-01   2.5853e+00
   5.8943   1.6057  -1.7342e-05   8.0781e-06   1.8089e-04  -5.2258e-01   1.5317e-01   2.4044e+00
   5.6057   1.8943  -4.8379e-06  -5.5359e-06   1.8200e-04  -1.9755e-01  -2.1611e-01   2.4191e+00
   5.6057   1.6057  -1.7342e-05  -5.5359e-06   1.6839e-04  -6.1306e-01  -2.9921e-01   2.2382e+00
El     93  CPS4                                     EL1    104    113    114    105
   5.8943   2.3943   1.3225e-05  -2.4671e-05   1.8826e-04   2.7551e-01  -7.3190e-01   2.5022e+00
   5.8943   2.1057   3.3526e-06  -2.4671e-05   1.8963e-04  -5.2553e-02  -7.9751e-01   2.5206e+00
   5.6057   2.3943   1.3225e-05  -2.3293e-05   1.7838e-04   2.8466e-01  -6.8610e-01   2.3710e+00
   5.6057   2.1057   3.3526e-06  -2.3293e-05   1.7976e-04  -4.3395e-02  -7.5172e-01   2.3893e+00
El     94  CPS4                                     EL1    105    114    115    106
   5.8943   2.8943  -2.3446e-05  -6.9363e-06   8.4707e-05  -8.2519e-01  -3.8631e-01   1.1259e+00
   5.8943   2.6057   6.0446e-06  -6.9363e-06   7.5159e-05   1.5476e-01  -1.9032e-01   9.9899e-01
   5.6057   2.8943  -2.3446e-05  -1.6485e-05   1.1420e-04  -8.8865e-01  -7.0359e-01   1.5179e+00
   5.6057   2.6057   6.0446e-06  -1.6485e-05   1.0465e-04   9.1302e-02  -5.0760e-01   1.3910e+00
El     95  CPS4                                     EL1    106    115    116    107
   5.8943   3.3943  -7.6813e-05   1.4971e-05   2.1866e-05  -2.4529e+00  -1.3025e-02   2.9064e-01
   5.8943   3.1057  -4.5648e-05   1.4971e-05   1.1704e-05  -1.4173e+00   1.9409e-01   1.5556e-01
   5.6057   3.3943  -7.6813e-05   4.8081e-06   5.3031e-05  -2.5205e+00  -3.5071e-01   7.0487e-01
   5.6057   3.1057  -4.5648e-05   4.8081e-06   4.2869e-05  -1.4849e+00  -1.4360e-01   5.6979e-01
El     96  CPS4                                     EL1    107    116    117    108
   5.8943   3.8943  -1.2150e-04   2.1446e-05  -1.1563e-05  -3.8947e+00  -9.4815e-02  -1.5369e-01
   5.8943   3.6057  -9.7136e-05   2.1446e-05  -1.3135e-05  -3.0852e+00   6.7085e-02  -1.7459e-01
   5.6057   3.8943  -1.2150e-04   1.9874e-05   1.2798e-05  -3.9052e+00  -1.4706e-01   1.7011e-01
   5.6057   3.6057  -9.7136e-05   1.9874e-05   1.1226e-05  -3.0957e+00   1.4837e-02   1.4921e-01
El     97  CPS4                                     EL1    109    118    119    110
   6.3943   0.3943   9.7239e-05  -2.8415e-05   8.0419e-06   3.0423e+00  -2.9798e-01   1.0689e-01
   6.3943   0.1057   1.3596e-04  -2.8415e-05   7.7601e-06   4.3291e+00  -4.0630e-02   1.0315e-01
   6.1057   0.3943   9.7239e-05  -2.8697e-05   4.6766e-05   3.0405e+00  -3.0734e-01   6.2159e-01
   6.1057   0.1057   1.3596e-04  -2.8697e-05   4.6484e-05   4.3272e+00  -4.9992e-02   6.1785e-01
El     98  CPS4                                     EL1    110    119    120    111
   6.3943   0.8943   3.7282e-05  -3.7701e-05   3.6264e-05   9.8829e-01  -1.0050e+00   4.8200e-01
   6.3943   0.6057   7.0798e-05  -3.7701e-05   4.7248e-05   2.1020e+00  -7.8227e-01   6.2800e-01
   6.1057   0.8943   3.7282e-05  -2.6717e-05   6.9780e-05   1.0613e+00  -6.4002e-01   9.2749e-01
   6.1057   0.6057   7.0798e-05  -2.6717e-05   8.0764e-05   2.1750e+00  -4.1728e-01   1.0735e+00
El     99  CPS4                                     EL1    111    120    121    112
   6.3943   1.3943  -4.6716e-05  -5.3769e-05   2.5706e-05  -1.9097e+00  -2.0971e+00   3.4167e-01
   6.3943   1.1057   5.7942e-06  -5.3769e-05   6.2943e-05  -1.6480e-01  -1.7482e+00   8.3661e-01
   6.1057   1.3943  -4.6716e-05  -1.6531e-05   7.8216e-05  -1.6622e+00  -8.5979e-01   1.0396e+00
   6.1057   1.1057   5.7942e-06  -1.6531e-05   1.1545e-04   8.2669e-02  -5.1082e-01   1.5346e+00
El    100  CPS4                                     EL1    112    121    122    113
   6.3943   1.8943  -1.3852e-05  -7.1039e-05   1.6718e-04  -9.3239e-01  -2.4526e+00   2.2221e+00
   6.3943   1.6057  -5.1980e-05  -7.1039e-05   2.2875e-04  -2.1994e+00  -2.7060e+00   3.0405e+00
   6.1057   1.8943  -1.3852e-05  -9.4734e-06   1.2905e-04  -5.2323e-01  -4.0685e-01   1.7154e+00
   6.1057   1.6057  -5.1980e-05  -9.4734e-06   1.9062e-04  -1.7902e+00  -6.6024e-01   2.5337e+00
El    101  CPS4                                     EL1    113    122    123    114
   6.3943   2.3943   4.4263e-05   6.8717e-05   2.2030e-04   1.9275e+00   2.5776e+00   2.9282e+00
   6.3943   2.1057   1.1937e-05   6.8717e-05   1.5157e-04   8.5333e-01   2.3627e+00   2.0146e+00
   6.1057   2.3943   4.4263e-05  -1.6888e-08   1.8797e-04   1.4707e+00   2.9360e-01   2.4985e+00
   6.1057   2.1057   1.1937e-05  -1.6888e-08   1.1924e-04   3.9653e-01   7.8768e-02   1.5849e+00
El    102  CPS4                                     EL1    114    123    124    115
   6.3943   2.8943  -1.2627e-05   5.1502e-05   5.7025e-05  -7.7317e-02   1.6274e+00   7.5796e-01
   6.3943   2.6057   3.7681e-05   5.1502e-05   1.6804e-05   1.5944e+00   1.9618e+00   2.2336e-01
   6.1057   2.8943  -1.2627e-05   1.1281e-05   1.0733e-04  -3.4462e-01   2.9093e-01   1.4266e+00
   6.1057   2.6057   3.7681e-05   1.1281e-05   6.7112e-05   1.3271e+00   6.2527e-01   8.9204e-01
El    103  CPS4                                     EL1    115    124    125    116
   6.3943   3.3943  -6.6441e-05   3.4607e-05   4.0156e-05  -1.9778e+00   7.0840e-01   5.3374e-01
   6.3943   3.1057  -4.0527e-05   3.4607e-05   2.8504e-05  -1.1167e+00   8.8062e-01   3.7886e-01
   6.1057   3.3943  -6.6441e-05   2.2955e-05   6.6070e-05  -2.0552e+00   3.2122e-01   8.7818e-01
   6.1057   3.1057  -4.0527e-05   2.2955e-05   5.4418e-05  -1.1941e+00   4.9345e-01   7.2331e-01
El    104  CPS4                                     EL1    116    125    126    117
   6.3943   3.8943  -1.1479e-04   2.2700e-05   4.8234e-06  -3.6637e+00  -8.6058e-03   6.4111e-02
   6.3943   3.6057  -8.6341e-05   2.2700e-05   4.3269e-06  -2.7182e+00   1.8049e-01   5.7511e-02
   6.1057   3.8943  -1.1479e-04   2.2203e-05   3.3277e-05  -3.6670e+00  -2.5106e-02   4.4231e-01
   6.1057   3.6057  -8.6341e-05   2.2203e-05   3.2781e-05  -2.7215e+00   1.6399e-01   4.3571e-01
El    105  CPS4                                     EL1    118    127    128    119
   6.8943   0.3943   7.2098e-05  -1.8817e-05   5.0396e-05   2.2707e+00  -1.4611e-01   6.6984e-01
   6.8943   0.1057   9.8568e-05  -1.8817e-05   4.3444e-05   3.1503e+00   2.9812e-02   5.7745e-01
   6.6057   0.3943   7.2098e-05  -2.5768e-05   7.6866e-05   2.2245e+00  -3.7709e-01   1.0217e+00
   6.6057   0.1057   9.8568e-05  -2.5768e-05   6.9915e-05   3.1041e+00  -2.0118e-01   9.2929e-01
El    106  CPS4                                     EL1    119    128    129    120
   6.8943   0.8943   3.6495e-05  -2.7564e-05   1.2237e-04   1.0295e+00  -6.7339e-01   1.6265e+00
   6.8943   0.6057   5.5465e-05  -2.7564e-05   1.1201e-04   1.6599e+00  -5.4732e-01   1.4888e+00
   6.6057   0.8943   3.6495e-05  -3.7928e-05   1.4134e-04   9.6065e-01  -1.0178e+00   1.8787e+00
   6.6057   0.6057   5.5465e-05  -3.7928e-05   1.3098e-04   1.5910e+00  -8.9171e-01   1.7409e+00
El    107  CPS4                                     EL1    120    129    130    121
   6.8943   1.3943  -9.1083e-05  -1.1169e-05   1.2505e-04  -3.1008e+00  -9.7645e-01   1.6621e+00
   6.8943   1.1057  -2.7721e-06  -1.1169e-05   8.3889e-05  -1.6634e-01  -3.8956e-01   1.1150e+00
   6.6057   1.3943  -9.1083e-05  -5.2332e-05   2.1336e-04  -3.3744e+00  -2.3443e+00   2.8359e+00
   6.6057   1.1057  -2.7721e-06  -5.2332e-05   1.7220e-04  -4.3990e-01  -1.7574e+00   2.2888e+00
El    110  CPS4                                     EL1    123    132    133    124
   6.8943   2.8943  -3.9135e-06   1.1886e-05   7.8070e-05  -5.1049e-02   3.6896e-01   1.0377e+00
   6.8943   2.6057   7.6354e-05   1.1886e-05   1.1785e-04   2.6162e+00   9.0240e-01   1.5664e+00
   6.6057   2.8943  -3.9135e-06   5.1664e-05   1.5834e-04   2.1331e-01   1.6907e+00   2.1046e+00
   6.6057   2.6057   7.6354e-05   5.1664e-05   1.9812e-04   2.8805e+00   2.2242e+00   2.6333e+00
El    111  CPS4                                     EL1    124    133    134    125
   6.8943   3.3943  -5.1673e-05   2.5193e-05   1.0252e-04  -1.5496e+00   4.9372e-01   1.3627e+00
   6.8943   3.1057  -3.8218e-05   2.5193e-05   1.1253e-04  -1.1025e+00   5.8314e-01   1.4958e+00
   6.6057   3.3943  -5.1673e-05   3.5206e-05   1.1597e-04  -1.4831e+00   8.2647e-01   1.5415e+00
   6.6057   3.1057  -3.8218e-05   3.5206e-05   1.2599e-04  -1.0360e+00   9.1589e-01   1.6746e+00
El    112  CPS4                                     EL1    125    134    135    126
   6.8943   3.8943  -8.4302e-05   1.4110e-05   3.9554e-05  -2.7075e+00  -9.1380e-02   5.2574e-01
   6.8943   3.6057  -6.4022e-05   1.4110e-05   4.5975e-05  -2.0336e+00   4.3402e-02   6.1109e-01
   6.6057   3.8943  -8.4302e-05   2.0531e-05   5.9835e-05  -2.6648e+00   1.2198e-01   7.9531e-01
   6.6057   3.6057  -6.4022e-05   2.0531e-05   6.6256e-05  -1.9909e+00   2.5677e-01   8.8065e-01
El    113  CPS4                                     EL1    127    136    137    128
   7.3943   0.3943   3.1672e-05  -1.6282e-06   7.8639e-05   1.0416e+00   1.5639e-01   1.0452e+00
   7.3943   0.1057   3.8849e-05  -1.6282e-06   6.7919e-05   1.2801e+00   2.0408e-01   9.0276e-01
   7.1057   0.3943   3.1672e-05  -1.2348e-05   8.5816e-05   9.7038e-01  -1.9984e-01   1.1406e+00
   7.1057   0.1057   3.8849e-05  -1.2348e-05   7.5096e-05   1.2089e+00  -1.5214e-01   9.9815e-01
El    114  CPS4                                     EL1    128    137    138    129
   7.3943   0.8943   1.9549e-05   6.7866e-06   1.7145e-04   6.9470e-01   3.5543e-01   2.2788e+00
   7.3943   0.6057   2.6501e-05   6.7866e-06   1.4908e-04   9.2570e-01   4.0163e-01   1.9815e+00
   7.1057   0.8943   1.9549e-05  -1.5583e-05   1.7840e-04   5.4604e-01  -3.8788e-01   2.3712e+00
   7.1057   0.6057   2.6501e-05  -1.5583e-05   1.5603e-04   7.7704e-01  -3.4168e-01   2.0739e+00
El    115  CPS4                                     EL1    129    138    139    130
   7.3943   1.3943   8.2256e-06  -5.5532e-06   8.8178e-05   2.3642e-01  -1.2986e-01   1.1720e+00
   7.3943   1.1057   1.4652e-05  -5.5532e-06   9.5096e-05   4.4998e-01  -8.7151e-02   1.2640e+00
   7.1057   1.3943   8.2256e-06   1.3653e-06   9.4605e-05   2.8240e-01   1.0003e-01   1.2575e+00
   7.1057   1.1057   1.4652e-05   1.3653e-06   1.0152e-04   4.9595e-01   1.4274e-01   1.3494e+00
El    118  CPS4                                     EL1    132    141    142    133
   7.3943   2.8943  -1.9217e-05   6.1624e-06   9.0381e-05  -5.9763e-01   7.7055e-02   1.2013e+00
   7.3943   2.6057  -1.6002e-05   6.1624e-06   8.3913e-05  -4.9077e-01   9.8428e-02   1.1153e+00
   7.1057   2.8943  -1.9217e-05  -3.0603e-07   9.3597e-05  -6.4061e-01  -1.3788e-01   1.2441e+00
   7.1057   2.6057  -1.6002e-05  -3.0603e-07   8.7129e-05  -5.3375e-01  -1.1651e-01   1.1581e+00
El    119  CPS4                                     EL1    133    142    143    134
   7.3943   3.3943  -2.4090e-05  -8.4673e-06   1.4059e-04  -8.5677e-01  -4.4146e-01   1.8687e+00
   7.3943   3.1057  -2.1385e-05  -8.4673e-06   1.6255e-04  -7.6687e-01  -4.2348e-01   2.1606e+00
   7.1057   3.3943  -2.4090e-05   1.3490e-05   1.4330e-04  -7.1085e-01   2.8817e-01   1.9047e+00
   7.1057   3.1057  -2.1385e-05   1.3490e-05   1.6526e-04  -6.2095e-01   3.0616e-01   2.1966e+00
El    120  CPS4                                     EL1    134    143    144    135
   7.3943   3.8943  -3.0235e-05  -2.2203e-06   6.4091e-05  -1.0195e+00  -2.7472e-01   8.5187e-01
   7.3943   3.6057  -2.6462e-05  -2.2203e-06   7.4325e-05  -8.9406e-01  -2.4964e-01   9.8790e-01
   7.1057   3.8943  -3.0235e-05   8.0142e-06   6.7864e-05  -9.5144e-01   6.5365e-02   9.0203e-01
   7.1057   3.6057  -2.6462e-05   8.0142e-06   7.8099e-05  -8.2604e-01   9.0443e-02   1.0381e+00
El    121  CPS4                                     EL1    136    145    146    137
   7.8943   0.3943  -8.6927e-06   1.1608e-05   6.8951e-05  -2.1170e-01   3.2797e-01   9.1647e-01
   7.8943   0.1057  -2.0600e-05   1.1608e-05   6.2134e-05  -6.0738e-01   2.4883e-01   8.2586e-01
   7.6057   0.3943  -8.6927e-06   4.7910e-06   5.7043e-05  -2.5701e-01   1.0143e-01   7.5820e-01
   7.6057   0.1057  -2.0600e-05   4.7910e-06   5.0226e-05  -6.5269e-01   2.2295e-02   6.6759e-01
El    122  CPS4                                     EL1    137    146    147    138
   7.8943   0.8943   2.3864e-06   2.8446e-05   1.3378e-04   2.6835e-01   9.6110e-01   1.7782e+00
   7.8943   0.6057  -2.5334e-06   2.8446e-05   1.2392e-04   1.0486e-01   9.2840e-01   1.6471e+00
   7.6057   0.8943   2.3864e-06   1.8584e-05   1.2886e-04   2.0281e-01   6.3339e-01   1.7128e+00
   7.6057   0.6057  -2.5334e-06   1.8584e-05   1.1900e-04   3.9324e-02   6.0070e-01   1.5817e+00
El    123  CPS4                                     EL1    138    147    148    139
   7.8943   1.3943   1.0812e-04   4.6697e-05   2.0757e-04   3.9030e+00   2.2702e+00   2.7589e+00
   7.8943   1.1057   3.2035e-05   4.6697e-05   1.6747e-04   1.3748e+00   1.7646e+00   2.2259e+00
   7.6057   1.3943   1.0812e-04   6.5933e-06   1.3149e-04   3.6365e+00   9.3762e-01   1.7477e+00
   7.6057   1.1057   3.2035e-05   6.5933e-06   9.1384e-05   1.1083e+00   4.3199e-01   1.2146e+00
El    126  CPS4                                     EL1    141    150    151    142
   7.8943   2.8943  -3.4225e-05  -4.6768e-05   1.6400e-04  -1.4481e+00  -1.7815e+00   2.1798e+00
   7.8943   2.6057  -1.1156e-04  -4.6768e-05   2.0448e-04  -4.0179e+00  -2.2955e+00   2.7178e+00
   7.6057   2.8943  -3.4225e-05  -6.2870e-06   8.6660e-05  -1.1791e+00  -4.3637e-01   1.1519e+00
   7.6057   2.6057  -1.1156e-04  -6.2870e-06   1.2714e-04  -3.7489e+00  -9.5033e-01   1.6899e+00
El    127  CPS4                                     EL1    142    151    152    143
   7.8943   3.3943   3.8771e-06  -3.0082e-05   1.1778e-04  -7.1086e-02  -9.7383e-01   1.5655e+00
   7.8943   3.1057  -3.2938e-06  -3.0082e-05   1.2772e-04  -3.0937e-01  -1.0215e+00   1.6976e+00
   7.6057   3.3943   3.8771e-06  -2.0142e-05   1.1061e-04  -5.0309e-03  -6.4355e-01   1.4702e+00
   7.6057   3.1057  -3.2938e-06  -2.0142e-05   1.2055e-04  -2.4331e-01  -6.9121e-01   1.6023e+00
El    128  CPS4                                     EL1    143    152    153    144
   7.8943   3.8943   2.4984e-05  -1.4837e-05   5.9083e-05   7.3160e-01  -3.2699e-01   7.8531e-01
   7.8943   3.6057   1.1454e-05  -1.4837e-05   6.5577e-05   2.8201e-01  -4.1690e-01   8.7162e-01
   7.6057   3.8943   2.4984e-05  -8.3433e-06   4.5552e-05   7.7476e-01  -1.1120e-01   6.0547e-01
   7.6057   3.6057   1.1454e-05  -8.3433e-06   5.2046e-05   3.2517e-01  -2.0112e-01   6.9178e-01
El    129  CPS4                                     EL1    145    154    155    146
   8.3943   0.3943  -3.4158e-05   1.4265e-05   3.8820e-05  -1.0402e+00   2.4702e-01   5.1598e-01
   8.3943   0.1057  -5.7563e-05   1.4265e-05   3.8702e-05  -1.8180e+00   9.1475e-02   5.1441e-01
   8.1057   0.3943  -3.4158e-05   1.4147e-05   1.5416e-05  -1.0410e+00   2.4309e-01   2.0490e-01
   8.1057   0.1057  -5.7563e-05   1.4147e-05   1.5297e-05  -1.8187e+00   8.7543e-02   2.0333e-01
El    130  CPS4                                     EL1    146    155    156    147
   8.3943   0.8943   1.6150e-06   1.6049e-05   6.4399e-05   1.6033e-01   5.4403e-01   8.5597e-01
   8.3943   0.6057  -1.8301e-05   1.6049e-05   7.6117e-05  -5.0148e-01   4.1167e-01   1.0117e+00
   8.1057   0.8943   1.6150e-06   2.7767e-05   4.4483e-05   2.3820e-01   9.3340e-01   5.9125e-01
   8.1057   0.6057  -1.8301e-05   2.7767e-05   5.6201e-05  -4.2361e-01   8.0104e-01   7.4700e-01
El    131  CPS4                                     EL1    147    156    157    148
   8.3943   1.3943   6.1542e-05   8.8219e-06   7.4429e-05   2.1036e+00   7.0214e-01   9.8929e-01
   8.3943   1.1057   2.3009e-05   8.8219e-06   1.1290e-04   8.2320e-01   4.4606e-01   1.5006e+00
   8.1057   1.3943   6.1542e-05   4.7294e-05   3.5896e-05   2.3593e+00   1.9805e+00   4.7712e-01
   8.1057   1.1057   2.3009e-05   4.7294e-05   7.4368e-05   1.0789e+00   1.7244e+00   9.8848e-01
El    132  CPS4                                     EL1    148    157    158    149
   8.3943   1.8943   1.6151e-05   3.0052e-06   1.1977e-04   5.5666e-01   2.0720e-01   1.5920e+00
   8.3943   1.6057   5.9704e-05   3.0052e-06   1.8475e-04   2.0039e+00   4.9664e-01   2.4557e+00
   8.1057   1.8943   1.6151e-05   6.7988e-05   1.6332e-04   9.8852e-01   2.3665e+00   2.1708e+00
   8.1057   1.6057   5.9704e-05   6.7988e-05   2.2831e-04   2.4358e+00   2.6560e+00   3.0346e+00
El    133  CPS4                                     EL1    149    158    159    150
   8.3943   2.3943  -5.9947e-05  -4.1938e-06   1.8405e-04  -2.0199e+00  -5.3776e-01   2.4464e+00
   8.3943   2.1057  -1.5909e-05  -4.1938e-06   1.1982e-04  -5.5653e-01  -2.4509e-01   1.5926e+00
   8.1057   2.3943  -5.9947e-05  -6.8425e-05   2.2809e-04  -2.4467e+00  -2.6721e+00   3.0317e+00
   8.1057   2.1057  -1.5909e-05  -6.8425e-05   1.6386e-04  -9.8340e-01  -2.3794e+00   2.1780e+00
El    134  CPS4                                     EL1    150    159    160    151
   8.3943   2.8943  -2.3522e-05  -1.0073e-05   1.1053e-04  -8.4857e-01  -4.9103e-01   1.4691e+00
   8.3943   2.6057  -6.1987e-05  -1.0073e-05   7.2815e-05  -2.1267e+00  -7.4666e-01   9.6784e-01
   8.1057   2.8943  -2.3522e-05  -4.7782e-05   7.2060e-05  -1.0992e+00  -1.7441e+00   9.5780e-01
   8.1057   2.6057  -6.1987e-05  -4.7782e-05   3.4351e-05  -2.3773e+00  -1.9997e+00   4.5658e-01
El    135  CPS4                                     EL1    151    160    161    152
   8.3943   3.3943   1.9104e-05  -1.8101e-05   7.2448e-05   5.1452e-01  -4.7452e-01   9.6295e-01
   8.3943   3.1057  -1.7940e-06  -1.8101e-05   6.1014e-05  -1.7991e-01  -6.1341e-01   8.1098e-01
   8.1057   3.3943   1.9104e-05  -2.9535e-05   5.1550e-05   4.3854e-01  -8.5445e-01   6.8518e-01
   8.1057   3.1057  -1.7940e-06  -2.9535e-05   4.0116e-05  -2.5590e-01  -9.9334e-01   5.3321e-01
El    136  CPS4                                     EL1    152    161    162    153
   8.3943   3.8943   5.9243e-05  -1.7235e-05   3.6691e-05   1.8541e+00  -1.7899e-01   4.8769e-01
   8.3943   3.6057   3.5459e-05  -1.7235e-05   3.6707e-05   1.0637e+00  -3.3705e-01   4.8789e-01
   8.1057   3.8943   5.9243e-05  -1.7220e-05   1.2907e-05   1.8542e+00  -1.7848e-01   1.7156e-01
   8.1057   3.6057   3.5459e-05  -1.7220e-05   1.2923e-05   1.0638e+00  -3.3654e-01   1.7176e-01
El    137  CPS4                                     EL1    154    163    164    155
   8.8943   0.3943  -4.7072e-05   1.2326e-05   2.2055e-05  -1.4823e+00   9.6744e-02   2.9315e-01
   8.8943   0.1057  -7.2388e-05   1.2326e-05   2.3506e-05  -2.3235e+00  -7.1497e-02   3.1244e-01
   8.6057   0.3943  -4.7072e-05   1.3777e-05  -3.2602e-06  -1.4726e+00   1.4498e-01  -4.3333e-02
   8.6057   0.1057  -7.2388e-05   1.3777e-05  -1.8087e-06  -2.3138e+00  -2.3265e-02  -2.4040e-02
El    138  CPS4                                     EL1    155    164    165    156
   8.8943   0.8943  -2.9873e-06   1.3462e-06   5.1614e-05  -9.0318e-02   2.4882e-02   6.8603e-01
   8.8943   0.6057  -2.8477e-05   1.3462e-06   5.9237e-05  -9.3731e-01  -1.4452e-01   7.8736e-01
   8.6057   0.8943  -2.9873e-06   8.9697e-06   2.6124e-05  -3.9653e-02   2.7820e-01   3.4723e-01
   8.6057   0.6057  -2.8477e-05   8.9697e-06   3.3748e-05  -8.8664e-01   1.0880e-01   4.4856e-01
El    139  CPS4                                     EL1    156    165    166    157
   8.8943   1.3943   3.0609e-05  -1.1812e-05   1.0541e-04   9.3862e-01  -1.8907e-01   1.4010e+00
   8.8943   1.1057   1.2845e-05  -1.1812e-05   1.1020e-04   3.4832e-01  -3.0713e-01   1.4648e+00
   8.6057   1.3943   3.0609e-05  -7.0153e-06   8.7641e-05   9.7049e-01  -2.9691e-02   1.1649e+00
   8.6057   1.1057   1.2845e-05  -7.0153e-06   9.2437e-05   3.8020e-01  -1.4775e-01   1.2286e+00
El    140  CPS4                                     EL1    157    166    167    158
   8.8943   1.8943   8.0671e-06  -1.0274e-05   1.7899e-04   1.9978e-01  -2.8779e-01   2.3791e+00
   8.8943   1.6057   2.9329e-05  -1.0274e-05   1.7130e-04   9.0630e-01  -1.4649e-01   2.2769e+00
   8.6057   1.8943   8.0671e-06  -1.7965e-05   2.0025e-04   1.4867e-01  -5.4335e-01   2.6617e+00
   8.6057   1.6057   2.9329e-05  -1.7965e-05   1.9256e-04   8.5518e-01  -4.0205e-01   2.5595e+00
El    141  CPS4                                     EL1    158    167    168    159
   8.8943   2.3943  -2.8888e-05   8.2967e-06   1.7081e-04  -9.0479e-01   8.3708e-02   2.2703e+00
   8.8943   2.1057  -7.5321e-06   8.2967e-06   1.7887e-04  -1.9515e-01   2.2564e-01   2.3775e+00
   8.6057   2.3943  -2.8888e-05   1.6364e-05   1.9216e-04  -8.5118e-01   3.5177e-01   2.5542e+00
   8.6057   2.1057  -7.5321e-06   1.6364e-05   2.0023e-04  -1.4153e-01   4.9370e-01   2.6614e+00
El    142  CPS4                                     EL1    159    168    169    160
   8.8943   2.8943  -1.2467e-05   9.6840e-06   1.0886e-04  -3.4992e-01   2.3894e-01   1.4470e+00
   8.8943   2.6057  -3.0211e-05   9.6840e-06   1.0451e-04  -9.3952e-01   1.2102e-01   1.3891e+00
   8.6057   2.8943  -1.2467e-05   5.3255e-06   9.1122e-05  -3.7889e-01   9.4105e-02   1.2112e+00
   8.6057   2.6057  -3.0211e-05   5.3255e-06   8.6763e-05  -9.6848e-01  -2.3814e-02   1.1532e+00
El    143  CPS4                                     EL1    160    169    170    161
   8.8943   3.3943   2.9063e-05  -3.8915e-06   5.7355e-05   9.3987e-01   6.3835e-02   7.6234e-01
   8.8943   3.1057   3.4149e-06  -3.8915e-06   5.0016e-05   8.7611e-02  -1.0662e-01   6.6480e-01
   8.6057   3.3943   2.9063e-05  -1.1230e-05   3.1707e-05   8.9110e-01  -1.8002e-01   4.2144e-01
   8.6057   3.1057   3.4149e-06  -1.1230e-05   2.4368e-05   3.8840e-02  -3.5047e-01   3.2390e-01
El    144  CPS4                                     EL1    161    170    171    162
   8.8943   3.8943   7.2681e-05  -1.5242e-05   2.2370e-05   2.3138e+00  -2.3442e-02   2.9734e-01
   8.8943   3.6057   4.7623e-05  -1.5242e-05   2.0907e-05   1.4812e+00  -1.8998e-01   2.7789e-01
   8.6057   3.8943   7.2681e-05  -1.6705e-05  -2.6882e-06   2.3041e+00  -7.2070e-02  -3.5730e-02
   8.6057   3.6057   4.7623e-05  -1.6705e-05  -4.1516e-06   1.4714e+00  -2.3860e-01  -5.5182e-02
El    145  CPS4                                     EL1    163    172    173    164
   9.3943   0.3943  -6.0250e-05   1.3093e-05   2.4716e-05  -1.9150e+00   3.4665e-02   3.2851e-01
   9.3943   0.1057  -8.1415e-05   1.3093e-05   2.3765e-05  -2.6183e+00  -1.0599e-01   3.1588e-01
   9.1057   0.3943  -6.0250e-05   1.2143e-05   3.5505e-06  -1.9214e+00   3.0747e-03   4.7192e-02
   9.1057   0.1057  -8.1415e-05   1.2143e-05   2.5998e-06  -2.6247e+00  -1.3759e-01   3.4556e-02
El    146  CPS4                                     EL1    164    173    174    165
   9.3943   0.8943  -2.2754e-05   6.7701e-07   6.8589e-05  -7.5160e-01  -1.2872e-01   9.1166e-01
   9.3943   0.6057  -4.4532e-05   6.7701e-07   6.7036e-05  -1.4753e+00  -2.7346e-01   8.9103e-01
   9.1057   0.8943  -2.2754e-05  -8.7578e-07   4.6811e-05  -7.6192e-01  -1.8032e-01   6.2220e-01
   9.1057   0.6057  -4.4532e-05  -8.7578e-07   4.5259e-05  -1.4856e+00  -3.2505e-01   6.0156e-01
El    147  CPS4                                     EL1    165    174    175    166
   9.3943   1.3943   2.8511e-07  -8.0593e-06   1.2029e-04  -4.4087e-02  -2.6591e-01   1.5989e+00
   9.3943   1.1057  -1.0745e-05  -8.0593e-06   1.1626e-04  -4.1062e-01  -3.3922e-01   1.5453e+00
   9.1057   1.3943   2.8511e-07  -1.2092e-05   1.0926e-04  -7.0884e-02  -3.9990e-01   1.4523e+00
   9.1057   1.1057  -1.0745e-05  -1.2092e-05   1.0523e-04  -4.3742e-01  -4.7320e-01   1.3987e+00
El    148  CPS4                                     EL1    166    175    176    167
   9.3943   1.8943   1.2107e-06  -5.4855e-06   1.5611e-04   3.7748e-03  -1.7423e-01   2.0750e+00
   9.3943   1.6057   3.4887e-06  -5.4855e-06   1.5467e-04   7.9472e-02  -1.5909e-01   2.0558e+00
   9.1057   1.8943   1.2107e-06  -6.9304e-06   1.5839e-04  -5.8277e-03  -2.2225e-01   2.1053e+00
   9.1057   1.6057   3.4887e-06  -6.9304e-06   1.5694e-04   6.9870e-02  -2.0711e-01   2.0861e+00
El    149  CPS4                                     EL1    167    176    177    168
   9.3943   2.3943  -2.7458e-06   3.2445e-06   1.5452e-04  -6.9677e-02   8.9563e-02   2.0538e+00
   9.3943   2.1057  -4.5983e-07   3.2445e-06   1.5605e-04   6.2825e-03   1.0476e-01   2.0742e+00
   9.1057   2.3943  -2.7458e-06   4.7814e-06   1.5680e-04  -5.9463e-02   1.4064e-01   2.0842e+00
   9.1057   2.1057  -4.5983e-07   4.7814e-06   1.5834e-04   1.6497e-02   1.5583e-01   2.1046e+00
El    150  CPS4                                     EL1    168    177    178    169
   9.3943   2.8943   1.1458e-05   5.6057e-06   1.1581e-04   4.1800e-01   2.6242e-01   1.5393e+00
   9.3943   2.6057   4.4767e-07   5.6057e-06   1.1997e-04   5.2131e-02   1.8925e-01   1.5945e+00
   9.1057   2.8943   1.1458e-05   9.7591e-06   1.0480e-04   4.4560e-01   4.0044e-01   1.3930e+00
   9.1057   2.6057   4.4767e-07   9.7591e-06   1.0895e-04   7.9733e-02   3.2726e-01   1.4482e+00
El    151  CPS4                                     EL1    169    178    179    170
   9.3943   3.3943   4.5045e-05  -3.4473e-06   6.6329e-05   1.4739e+00   1.8481e-01   8.8162e-01
   9.3943   3.1057   2.3408e-05  -3.4473e-06   6.7970e-05   7.5492e-01   4.1016e-02   9.0343e-01
   9.1057   3.3943   4.5045e-05  -1.8061e-06   4.4692e-05   1.4848e+00   2.3934e-01   5.9403e-01
   9.1057   3.1057   2.3408e-05  -1.8061e-06   4.6333e-05   7.6582e-01   9.5550e-02   6.1584e-01
El    152  CPS4                                     EL1    170    179    180    171
   9.3943   3.8943   8.1139e-05  -1.6018e-05   2.3149e-05   2.5897e+00   6.9719e-03   3.0769e-01
   9.3943   3.6057   6.0514e-05  -1.6018e-05   2.4110e-05   1.9044e+00  -1.3010e-01   3.2046e-01
   9.1057   3.8943   8.1139e-05  -1.5058e-05   2.5235e-06   2.5961e+00   3.8888e-02   3.3542e-02
   9.1057   3.6057   6.0514e-05  -1.5058e-05   3.4840e-06   1.9108e+00  -9.8186e-02   4.6309e-02
El    153  CPS4                                     EL1    172    181    182    173
   9.8943   0.3943  -7.8421e-05   1.6261e-05   3.4692e-05  -2.4978e+00   1.9177e-02   4.6111e-01
   9.8943   0.1057  -9.6910e-05   1.6261e-05   3.2627e-05  -3.1122e+00  -1.0370e-01   4.3367e-01
   9.6057   0.3943  -7.8421e-05   1.4197e-05   1.6202e-05  -2.5115e+00  -4.9421e-02   2.1535e-01
   9.6057   0.1057  -9.6910e-05   1.4197e-05   1.4138e-05  -3.1259e+00  -1.7230e-01   1.8791e-01
El    154  CPS4                                     EL1    173    182    183    174
   9.8943   0.8943  -4.3182e-05   4.4429e-06   8.3488e-05  -1.4054e+00  -1.3935e-01   1.1097e+00
   9.8943   0.6057  -6.4024e-05   4.4429e-06   8.1147e-05  -2.0979e+00  -2.7786e-01   1.0786e+00
   9.6057   0.8943  -4.3182e-05   2.1021e-06   6.2645e-05  -1.4209e+00  -2.1713e-01   8.3266e-01
   9.6057   0.6057  -6.4024e-05   2.1021e-06   6.0305e-05  -2.1135e+00  -3.5564e-01   8.0155e-01
El    155  CPS4                                     EL1    174    183    184    175
   9.8943   1.3943  -1.6405e-05  -4.2230e-06   1.1907e-04  -5.7318e-01  -2.4935e-01   1.5827e+00
   9.8943   1.1057  -3.0422e-05  -4.2230e-06   1.1735e-04  -1.0390e+00  -3.4251e-01   1.5597e+00
   9.6057   1.3943  -1.6405e-05  -5.9509e-06   1.0506e-04  -5.8467e-01  -3.0677e-01   1.3964e+00
   9.6057   1.1057  -3.0422e-05  -5.9509e-06   1.0333e-04  -1.0504e+00  -3.9992e-01   1.3734e+00
El    156  CPS4                                     EL1    175    184    185    176
   9.8943   1.8943  -2.1063e-06  -3.3839e-06   1.3880e-04  -9.2480e-02  -1.2644e-01   1.8448e+00
   9.8943   1.6057  -8.8176e-06  -3.3839e-06   1.3765e-04  -3.1549e-01  -1.7105e-01   1.8295e+00
   9.6057   1.8943  -2.1063e-06  -4.5352e-06   1.3209e-04  -1.0013e-01  -1.6470e-01   1.7556e+00
   9.6057   1.6057  -8.8176e-06  -4.5352e-06   1.3093e-04  -3.2314e-01  -2.0930e-01   1.7403e+00
El    157  CPS4                                     EL1    176    185    186    177
   9.8943   2.3943   9.5294e-06   1.3977e-06   1.3792e-04   3.2594e-01   1.0978e-01   1.8332e+00
   9.8943   2.1057   2.8098e-06   1.3977e-06   1.3886e-04   1.0266e-01   6.5118e-02   1.8457e+00
   9.6057   2.3943   9.5294e-06   2.3378e-06   1.3120e-04   3.3219e-01   1.4101e-01   1.7439e+00
   9.6057   2.1057   2.8098e-06   2.3378e-06   1.3214e-04   1.0890e-01   9.6356e-02   1.7564e+00
El    158  CPS4                                     EL1    177    186    187    178
   9.8943   2.8943   3.1173e-05   2.0120e-06   1.1790e-04   1.0492e+00   2.7403e-01   1.5671e+00
   9.8943   2.6057   1.7129e-05   2.0120e-06   1.1942e-04   5.8256e-01   1.8070e-01   1.5873e+00
   9.6057   2.8943   3.1173e-05   3.5299e-06   1.0386e-04   1.0593e+00   3.2446e-01   1.3805e+00
   9.6057   2.6057   1.7129e-05   3.5299e-06   1.0538e-04   5.9265e-01   2.3113e-01   1.4007e+00
El    159  CPS4                                     EL1    178    187    188    179
   9.8943   3.3943   6.4577e-05  -7.1175e-06   8.1528e-05   2.0985e+00   1.9266e-01   1.0836e+00
   9.8943   3.1057   4.3886e-05  -7.1175e-06   8.3775e-05   1.4110e+00   5.5150e-02   1.1135e+00
   9.6057   3.3943   6.4577e-05  -4.8705e-06   6.0837e-05   2.1135e+00   2.6732e-01   8.0863e-01
   9.6057   3.1057   4.3886e-05  -4.8705e-06   6.3084e-05   1.4259e+00   1.2982e-01   8.3849e-01
El    160  CPS4                                     EL1    179    188    189    180
   9.8943   3.8943   9.6515e-05  -1.9137e-05   3.2403e-05   3.0799e+00   5.5279e-03   4.3068e-01
   9.8943   3.6057   7.8678e-05  -1.9137e-05   3.4428e-05   2.4872e+00  -1.1301e-01   4.5761e-01
   9.6057   3.8943   9.6515e-05  -1.7111e-05   1.4566e-05   3.0934e+00   7.2836e-02   1.9361e-01
   9.6057   3.6057   7.8678e-05  -1.7111e-05   1.6592e-05   2.5007e+00  -4.5702e-02   2.2053e-01
El    161  CPS4                                     EL1    181    190    191    182
  10.3943   0.3943  -9.9705e-05   2.1169e-05   5.0980e-05  -3.1724e+00   4.0796e-02   6.7760e-01
  10.3943   0.1057  -1.2313e-04   2.1169e-05   4.7940e-05  -3.9509e+00  -1.1490e-01   6.3721e-01
  10.1057   0.3943  -9.9705e-05   1.8129e-05   2.7553e-05  -3.1926e+00  -6.0198e-02   3.6622e-01
  10.1057   0.1057  -1.2313e-04   1.8129e-05   2.4513e-05  -3.9711e+00  -2.1589e-01   3.2582e-01
El    162  CPS4                                     EL1    182    191    192    183
  10.3943   0.8943  -5.6113e-05   1.7230e-06   9.7235e-05  -1.8531e+00  -3.1566e-01   1.2924e+00
  10.3943   0.6057  -8.1747e-05   1.7230e-06   9.9854e-05  -2.7049e+00  -4.8602e-01   1.3272e+00
  10.1057   0.8943  -5.6113e-05   4.3413e-06   7.1601e-05  -1.8357e+00  -2.2866e-01   9.5170e-01
  10.1057   0.6057  -8.1747e-05   4.3413e-06   7.4219e-05  -2.6875e+00  -3.9902e-01   9.8650e-01
El    163  CPS4                                     EL1    183    192    193    184
  10.3943   1.3943  -2.4930e-05  -3.5675e-06   1.1295e-04  -8.5210e-01  -2.8422e-01   1.5013e+00
  10.3943   1.1057  -4.0888e-05  -3.5675e-06   1.1294e-04  -1.3824e+00  -3.9028e-01   1.5011e+00
  10.1057   1.3943  -2.4930e-05  -3.5844e-06   9.6994e-05  -8.5221e-01  -2.8478e-01   1.2892e+00
  10.1057   1.1057  -4.0888e-05  -3.5844e-06   9.6977e-05  -1.3825e+00  -3.9084e-01   1.2890e+00
El    164  CPS4                                     EL1    184    193    194    185
  10.3943   1.8943  -3.8949e-06  -2.3017e-06   1.2186e-04  -1.4472e-01  -1.0237e-01   1.6197e+00
  10.3943   1.6057  -1.5017e-05  -2.3017e-06   1.2137e-04  -5.1431e-01  -1.7629e-01   1.6133e+00
  10.1057   1.8943  -3.8949e-06  -2.7855e-06   1.1074e-04  -1.4794e-01  -1.1844e-01   1.4719e+00
  10.1057   1.6057  -1.5017e-05  -2.7855e-06   1.1025e-04  -5.1752e-01  -1.9236e-01   1.4654e+00
El    165  CPS4                                     EL1    185    194    195    186
  10.3943   2.3943   1.5385e-05   1.0400e-06   1.2202e-04   5.1814e-01   1.3680e-01   1.6219e+00
  10.3943   2.1057   4.2513e-06   1.0400e-06   1.2203e-04   1.4818e-01   6.2810e-02   1.6220e+00
  10.1057   2.3943   1.5385e-05   1.0500e-06   1.1089e-04   5.1820e-01   1.3713e-01   1.4739e+00
  10.1057   2.1057   4.2513e-06   1.0500e-06   1.1090e-04   1.4825e-01   6.3143e-02   1.4740e+00
El    166  CPS4                                     EL1    186    195    196    187
  10.3943   2.8943   4.1305e-05   2.1560e-06   1.1444e-04   1.3869e+00   3.4615e-01   1.5211e+00
  10.3943   2.6057   2.5313e-05   2.1560e-06   1.1393e-04   8.5547e-01   2.3987e-01   1.5143e+00
  10.1057   2.8943   4.1305e-05   1.6439e-06   9.8448e-05   1.3835e+00   3.2913e-01   1.3085e+00
  10.1057   2.6057   2.5313e-05   1.6439e-06   9.7936e-05   8.5207e-01   2.2285e-01   1.3017e+00
El    167  CPS4                                     EL1    187    196    197    188
  10.3943   3.3943   8.2443e-05  -3.5404e-06   1.0215e-04   2.7160e+00   4.3026e-01   1.3577e+00
  10.3943   3.1057   5.6613e-05  -3.5404e-06   9.8927e-05   1.8577e+00   2.5860e-01   1.3149e+00
  10.1057   3.3943   8.2443e-05  -6.7611e-06   7.6318e-05   2.6946e+00   3.2324e-01   1.0144e+00
  10.1057   3.1057   5.6613e-05  -6.7611e-06   7.3097e-05   1.8363e+00   1.5158e-01   9.7158e-01
El    168  CPS4                                     EL1    188    197    198    189
  10.3943   3.8943   1.2312e-04  -2.4051e-05   4.8509e-05   3.9313e+00   1.9019e-02   6.4477e-01
  10.3943   3.6057   1.0026e-04  -2.4051e-05   5.1564e-05   3.1718e+00  -1.3287e-01   6.8537e-01
  10.1057   3.8943   1.2312e-04  -2.0996e-05   2.5654e-05   3.9516e+00   1.2054e-01   3.4099e-01
  10.1057   3.6057   1.0026e-04  -2.0996e-05   2.8709e-05   3.1921e+00  -3.1354e-02   3.8159e-01
El    169  CPS4                                     EL1    190    199    200    191
  10.8943   0.3943  -1.1461e-04   4.7086e-06   9.1168e-05  -3.7771e+00  -6.0521e-01   1.2118e+00
  10.8943   0.1057  -1.6778e-04   4.7086e-06   1.0403e-04  -5.5441e+00  -9.5861e-01   1.3828e+00
  10.6057   0.3943  -1.1461e-04   1.7573e-05   3.7992e-05  -3.6916e+00  -1.7775e-01   5.0497e-01
  10.6057   0.1057  -1.6778e-04   1.7573e-05   5.0856e-05  -5.4586e+00  -5.3115e-01   6.7596e-01
El    170  CPS4                                     EL1    191    200    201    192
  10.8943   0.8943  -6.1566e-05   1.6158e-07   9.6323e-05  -2.0447e+00  -4.0379e-01   1.2803e+00
  10.8943   0.6057  -8.6148e-05   1.6158e-07   9.6764e-05  -2.8615e+00  -5.6715e-01   1.2862e+00
  10.6057   0.8943  -6.1566e-05   6.0302e-07   7.1742e-05  -2.0418e+00  -3.8912e-01   9.5357e-01
  10.6057   0.6057  -8.6148e-05   6.0302e-07   7.2183e-05  -2.8586e+00  -5.5248e-01   9.5943e-01
El    171  CPS4                                     EL1    192    201    202    193
  10.8943   1.3943  -2.9331e-05  -7.5260e-07   1.0174e-04  -9.7963e-01  -2.1993e-01   1.3523e+00
  10.8943   1.1057  -4.6342e-05  -7.5260e-07   9.9685e-05  -1.5449e+00  -3.3299e-01   1.3250e+00
  10.6057   1.3943  -2.9331e-05  -2.8088e-06   8.4729e-05  -9.9330e-01  -2.8826e-01   1.1262e+00
  10.6057   1.1057  -4.6342e-05  -2.8088e-06   8.2673e-05  -1.5586e+00  -4.0132e-01   1.0989e+00
El    172  CPS4                                     EL1    193    202    203    194
  10.8943   1.8943  -4.9666e-06  -4.4899e-07   1.0554e-04  -1.6802e-01  -4.7927e-02   1.4027e+00
  10.8943   1.6057  -1.8244e-05  -4.4899e-07   1.0431e-04  -6.0922e-01  -1.3617e-01   1.3864e+00
  10.6057   1.8943  -4.9666e-06  -1.6757e-06   9.2258e-05  -1.7617e-01  -8.8688e-02   1.2263e+00
  10.6057   1.6057  -1.8244e-05  -1.6757e-06   9.1032e-05  -6.1737e-01  -1.7693e-01   1.2100e+00
El    173  CPS4                                     EL1    194    203    204    195
  10.8943   2.3943   1.8025e-05   2.1899e-07   1.0517e-04   6.0042e-01   1.2707e-01   1.3979e+00
  10.8943   2.1057   4.7517e-06   2.1899e-07   1.0577e-04   1.5935e-01   3.8856e-02   1.4058e+00
  10.6057   2.3943   1.8025e-05   8.1730e-07   9.1895e-05   6.0439e-01   1.4695e-01   1.2214e+00
  10.6057   2.1057   4.7517e-06   8.1730e-07   9.2494e-05   1.6333e-01   5.8737e-02   1.2294e+00
El    174  CPS4                                     EL1    195    204    205    196
  10.8943   2.8943   4.6143e-05   4.9524e-07   1.0173e-04   1.5366e+00   3.2311e-01   1.3521e+00
  10.8943   2.6057   2.9116e-05   4.9524e-07   1.0308e-04   9.7079e-01   2.0996e-01   1.3701e+00
  10.6057   2.8943   4.6143e-05   1.8482e-06   8.4701e-05   1.5456e+00   3.6807e-01   1.1258e+00
  10.6057   2.6057   2.9116e-05   1.8482e-06   8.6054e-05   9.7978e-01   2.5492e-01   1.1438e+00
El    175  CPS4                                     EL1    196    205    206    197
  10.8943   3.3943   8.6107e-05  -4.9904e-07   1.0029e-04   2.8579e+00   5.5567e-01   1.3330e+00
  10.8943   3.1057   6.1414e-05  -4.9904e-07   9.8926e-05   2.0374e+00   3.9156e-01   1.3149e+00
  10.6057   3.3943   8.6107e-05  -1.8625e-06   7.5596e-05   2.8489e+00   5.1036e-01   1.0048e+00
  10.6057   3.1057   6.1414e-05  -1.8625e-06   7.4233e-05   2.0283e+00   3.4626e-01   9.8667e-01
El    176  CPS4                                     EL1    197    206    207    198
  10.8943   3.8943   1.6968e-04  -5.3190e-06   1.0971e-04   5.6029e+00   9.5090e-01   1.4582e+00
  10.8943   3.6057   1.1512e-04  -5.3190e-06   9.5174e-05   3.7899e+00   5.8830e-01   1.2650e+00
  10.6057   3.8943   1.6968e-04  -1.9851e-05   5.5145e-05   5.5063e+00   4.6803e-01   7.3297e-01
  10.6057   3.6057   1.1512e-04  -1.9851e-05   4.0613e-05   3.6933e+00   1.0542e-01   5.3982e-01
El   3000  CPS4                                     ELA    208    209     10      1
   0.3943  -0.1057   4.6762e-05  -4.2246e-04  -1.3139e-04  -1.2537e+00  -1.3727e+01  -1.7464e+00
   0.3943  -0.3943   6.1003e-05  -4.2246e-04   1.1715e-04  -7.8050e-01  -1.3633e+01   1.5571e+00
   0.1057  -0.1057   4.6762e-05  -1.7392e-04  -1.1715e-04   3.9798e-01  -5.4686e+00  -1.5571e+00
   0.1057  -0.3943   6.1003e-05  -1.7392e-04   1.3139e-04   8.7122e-01  -5.3739e+00   1.7464e+00
