Time   1.0000
    1   0.0000   0.0000   0.0000 -3.7708e-05 -2.8194e-05  0.0000e+00 -3.5274e-05  3.4603e-05  9.7567e-07 -2.5585e-07 -3.6774e-02 -4.1156e-08  5.3018e-08
    2   1.0000   0.0000   0.0000 -2.0058e-05 -3.7609e-05  0.0000e+00 -8.8020e-04  1.9466e-05  1.4397e-07 -1.4844e-06  8.3416e-03 -1.9667e-08 -7.0977e-08
    6   0.0000   1.0000   0.0000 -3.3777e-05 -9.4537e-06  0.0000e+00 -1.9493e-05  9.1736e-04  3.9144e-07  6.8007e-07  1.0747e-02  4.5234e-08  3.5320e-08
    7   1.0000   1.0000   0.0000 -2.0438e-05 -2.5815e-05 -8.1961e-04 -7.4098e-04  7.0206e-04 -4.7996e-07 -6.6046e-07 -2.6715e-16 -3.2767e-08 -5.7365e-08
   11   0.0000   2.0000   0.0000 -3.4160e-05 -5.6578e-06  0.0000e+00 -1.9697e-05  1.4228e-03  5.2999e-07  3.5788e-07  1.3031e-02  1.2864e-08 -2.7888e-08
    3   2.0000   0.0000   0.0000 -1.5400e-05 -5.1413e-05  0.0000e+00 -1.3622e-03  1.7167e-05 -4.8527e-07  6.0136e-08  1.2737e-02  2.3672e-08  1.8554e-08
    8   2.0000   1.0000   0.0000 -7.0152e-06 -5.0665e-05 -1.3557e-03 -1.3490e-03  3.5864e-04 -5.5222e-07 -4.0807e-07 -2.2664e-15 -2.9988e-08  1.4786e-08
   12   1.0000   2.0000   0.0000 -3.2755e-05 -8.8541e-06 -1.4044e-03 -4.1219e-04  1.3852e-03 -1.9052e-07  1.5307e-06  1.3444e-15  5.8496e-08  3.1043e-08
   13   2.0000   2.0000   0.0000 -1.4828e-05 -3.5932e-05 -2.5874e-03 -1.1075e-03  9.6991e-04 -3.2362e-07  1.5848e-07  2.9837e-16 -2.5809e-10  2.2280e-09
    4   3.0000   0.0000   0.0000 -9.4699e-06 -6.3176e-05  0.0000e+00 -1.6360e-03 -4.7332e-07  1.6229e-07 -2.3390e-07  1.1485e-02 -2.6494e-08 -1.8383e-08
   16   0.0000   3.0000   0.0000 -3.4967e-05 -3.5308e-06  0.0000e+00  1.3874e-06  1.7251e-03 -7.5575e-08 -3.6351e-08  1.3373e-02 -2.5545e-09  9.0160e-09
    9   3.0000   1.0000   0.0000 -3.3076e-06 -6.4790e-05 -1.6279e-03 -1.6130e-03  1.8153e-04 -2.2090e-07  2.1908e-07  1.8102e-15  2.1528e-08  2.0258e-08
   14   3.0000   2.0000   0.0000  4.6170e-07 -6.7066e-05 -3.2464e-03 -1.6226e-03  3.4661e-04  2.1290e-07 -5.2635e-08  1.0981e-15 -4.9526e-09 -7.8848e-09
   17   1.0000   3.0000   0.0000 -3.5946e-05 -3.2789e-06 -1.7146e-03 -2.0387e-04  1.6961e-03 -3.7425e-09  5.1137e-08 -1.0738e-15 -1.5301e-09 -2.6005e-09
   18   2.0000   3.0000   0.0000 -3.6407e-05 -6.4059e-06 -3.3748e-03 -4.5729e-04  1.6209e-03  1.3266e-07  1.9045e-07 -2.1493e-15  4.6114e-09 -1.1829e-08
   19   3.0000   3.0000   0.0000 -4.5222e-06 -4.7040e-05 -4.6434e-03 -1.1478e-03  8.8878e-04 -8.6895e-07  1.6939e-06 -9.4622e-09  1.3806e-07  6.0781e-08
    5   4.0000   0.0000   0.0000  0.0000e+00 -6.8132e-05  0.0000e+00 -1.7146e-03  1.4087e-05  3.6623e-02 -5.4603e-17  8.8783e-03  1.6650e-16 -9.6193e-17
   21   0.0000   4.0000   0.0000 -3.5769e-05  0.0000e+00  0.0000e+00 -1.5020e-05  1.8172e-03  6.3971e-17  1.5599e-02  1.0557e-02 -1.0796e-16  8.8886e-17
   25   4.0000   4.0000   0.0000  0.0000e+00  0.0000e+00 -6.0000e-03  0.0000e+00  0.0000e+00  8.5951e-02  3.4654e-02 -5.2377e-02  3.2549e-02 -4.1843e-02
   10   4.0000   1.0000   0.0000  0.0000e+00 -7.0422e-05 -1.7234e-03 -1.7291e-03  0.0000e+00  2.9554e-02 -6.6545e-08 -1.0790e-15 -7.5377e-09 -9.3973e-03
   15   4.0000   2.0000   0.0000  0.0000e+00 -7.4405e-05 -3.4128e-03 -1.6380e-03  0.0000e+00 -2.2362e-02 -3.7810e-07 -2.6032e-15 -3.0135e-08 -1.4000e-02
   20   4.0000   3.0000   0.0000  0.0000e+00 -8.8536e-05 -5.0983e-03 -1.7447e-03  0.0000e+00 -1.2976e-01  5.4218e-08 -4.7311e-09  3.4227e-09 -4.0481e-02
   22   1.0000   4.0000   0.0000 -3.6655e-05  0.0000e+00 -1.8201e-03  0.0000e+00  1.8185e-03 -1.6773e-07  2.3641e-02  1.8631e-15  1.0793e-02  1.5760e-08
   23   2.0000   4.0000   0.0000 -3.7959e-05  0.0000e+00 -3.6012e-03  0.0000e+00  1.7307e-03  1.9827e-07  1.2390e-03 -2.0140e-15  1.6253e-02 -5.2026e-09
   24   3.0000   4.0000   0.0000 -4.1581e-05  0.0000e+00 -5.2214e-03  0.0000e+00  1.5076e-03 -1.1893e-06 -7.5134e-02 -4.7311e-09  3.0755e-02  1.1286e-07
Time   2.0000
    1   0.0000   0.0000   0.0000 -1.4157e-04 -1.5715e-04  0.0000e+00 -1.5320e-04  1.2562e-04 -2.8259e-07  5.0850e-07 -4.9885e-02 -5.0162e-08 -5.6361e-08
    2   1.0000   0.0000   0.0000 -1.4969e-05 -2.0089e-04  0.0000e+00 -2.6030e-03 -4.0625e-05 -1.2050e-06  2.7986e-06  2.1884e-02 -4.9309e-08  4.4771e-08
    6   0.0000   1.0000   0.0000 -2.0425e-04  3.1976e-07  0.0000e+00  6.3860e-05  2.8867e-03 -6.3876e-07 -6.1928e-07  3.5306e-02  1.2803e-08 -9.1192e-08
    7   1.0000   1.0000   0.0000 -8.4157e-05 -1.2035e-04 -2.1671e-03 -1.7051e-03  1.4151e-03  1.3627e-06 -2.1120e-06  4.3021e-16  3.9611e-08 -2.6065e-09
   11   0.0000   2.0000   0.0000 -1.8920e-04 -6.2784e-06  0.0000e+00 -6.7677e-05  3.1987e-03 -3.3978e-07 -5.8549e-07 -8.1845e-03  1.3343e-08 -8.9166e-09
    3   2.0000   0.0000   0.0000 -1.6859e-05 -2.0621e-04  0.0000e+00 -3.0198e-03  5.4910e-05  5.1359e-07  7.0139e-07 -2.3696e-03 -2.1125e-09  5.8807e-08
    8   2.0000   1.0000   0.0000 -3.8941e-06 -2.1011e-04 -3.0313e-03 -3.0447e-03  3.0849e-04  1.0945e-08  1.1849e-07  8.7083e-16  4.3353e-08  5.0214e-08
   12   1.0000   2.0000   0.0000 -1.9174e-04 -7.2953e-06 -3.1955e-03 -3.4338e-04  3.1946e-03  6.7338e-07 -5.1763e-07 -3.7470e-15  8.5991e-09 -1.2813e-09
   13   2.0000   2.0000   0.0000 -7.0950e-05 -1.3500e-04 -5.6181e-03 -2.1194e-03  1.6376e-03  7.7491e-07 -5.6117e-07  5.6431e-15 -3.6066e-08 -5.0421e-08
    4   3.0000   0.0000   0.0000 -9.2569e-06 -2.2244e-04  0.0000e+00 -3.2919e-03 -2.9577e-05  1.5187e-08  1.3123e-09  1.6417e-02  1.4865e-10 -1.7202e-09
   16   0.0000   3.0000   0.0000 -1.9359e-04 -3.4636e-06  0.0000e+00  3.6812e-05  3.4620e-03 -4.1758e-08 -3.4950e-09  1.9618e-02 -4.9167e-10  3.7725e-09
    9   3.0000   1.0000   0.0000 -2.8120e-06 -2.2247e-04 -3.2786e-03 -3.2587e-03  1.8055e-04 -4.9060e-07  2.1178e-07  4.1412e-15  1.1554e-08  3.0044e-08
   14   3.0000   2.0000   0.0000  4.2316e-06 -2.2843e-04 -6.5871e-03 -3.3615e-03  2.9392e-04 -3.6716e-07  3.2883e-07 -1.4450e-15  1.8133e-08  2.1775e-08
   17   1.0000   3.0000   0.0000 -1.9354e-04 -2.5897e-06 -3.4551e-03 -1.6586e-04  3.4412e-03  2.0276e-08 -1.0679e-07 -1.3878e-16 -7.0028e-09 -2.4446e-09
   18   2.0000   3.0000   0.0000 -1.9436e-04 -3.8724e-06 -6.8620e-03 -3.6618e-04  3.3698e-03 -5.1054e-09 -9.1962e-08 -6.8452e-15 -2.5056e-09  9.5115e-10
   19   3.0000   3.0000   0.0000 -5.4322e-05 -1.3948e-04 -9.3428e-03 -2.1155e-03  1.5725e-03  3.9287e-07 -5.3890e-07  8.4099e-14 -2.1910e-08 -2.4584e-08
    5   4.0000   0.0000   0.0000  0.0000e+00 -2.2684e-04  0.0000e+00 -3.3541e-03  4.1458e-05  3.6467e-02 -8.5191e-17  5.9139e-03 -4.8061e-17 -9.5592e-17
   21   0.0000   4.0000   0.0000 -1.9425e-04  0.0000e+00  0.0000e+00 -4.2174e-05  3.5427e-03 -2.9429e-17  1.5253e-02  6.5114e-03 -3.1906e-17  6.6189e-17
   25   4.0000   4.0000   0.0000  0.0000e+00  0.0000e+00 -1.2000e-02  0.0000e+00  0.0000e+00  1.0769e-01  5.7179e-02 -4.5212e-02  3.2568e-02 -2.5336e-02
   10   4.0000   1.0000   0.0000  0.0000e+00 -2.2986e-04 -3.3753e-03 -3.3948e-03  0.0000e+00  1.6129e-02 -1.2667e-08 -1.2941e-15 -1.4349e-09 -8.6281e-03
   15   4.0000   2.0000   0.0000  0.0000e+00 -2.3084e-04 -6.7216e-03 -3.2834e-03  0.0000e+00 -1.9438e-02 -8.4771e-08 -1.5521e-15 -7.4671e-09 -1.1848e-02
   20   4.0000   3.0000   0.0000  0.0000e+00 -2.5360e-04 -1.0154e-02 -3.6055e-03  0.0000e+00 -1.4085e-01 -9.6658e-08  4.0759e-14  3.7504e-09 -4.4983e-02
   22   1.0000   4.0000   0.0000 -1.9556e-04  0.0000e+00 -3.5390e-03  0.0000e+00  3.5317e-03  2.3060e-08  1.7435e-02  1.5179e-15  7.8703e-03 -1.8825e-09
   23   2.0000   4.0000   0.0000 -1.9693e-04  0.0000e+00 -7.0468e-03  0.0000e+00  3.4747e-03 -9.8309e-09 -8.9185e-03  1.0035e-15  1.2495e-02 -1.5989e-09
   24   3.0000   4.0000   0.0000 -2.0151e-04  0.0000e+00 -1.0393e-02  0.0000e+00  3.2125e-03  6.0594e-07 -8.0947e-02  3.2228e-14  2.4078e-02 -1.0919e-08
