   -0.00003000   -0.000459
   -0.00006000   -0.000918
   -0.00009000   -0.001378
   -0.00012000   -0.001837
   -0.00015000   -0.002296
   -0.00018000   -0.002755
   -0.00021000   -0.003215
   -0.00024000   -0.003674
   -0.00027000   -0.004133
   -0.00030000   -0.004592
   -0.00033000   -0.005052
   -0.00036000   -0.005511
   -0.00039000   -0.005970
   -0.00042000   -0.006429
   -0.00045000   -0.006889
   -0.00048000   -0.007348
   -0.00051000   -0.007807
   -0.00054000   -0.008266
   -0.00057000   -0.008726
   -0.00060000   -0.009185
   -0.00063000   -0.009644
   -0.00066000   -0.010103
   -0.00069000   -0.010562
   -0.00072000   -0.011022
   -0.00075000   -0.011481
   -0.00078000   -0.011940
   -0.00081000   -0.012399
   -0.00084000   -0.012859
   -0.00087000   -0.013318
   -0.00090000   -0.013777
   -0.00093000   -0.014236
   -0.00096000   -0.014696
   -0.00096000   -0.014692
   -0.00099000   -0.015143
   -0.00099000   -0.015134
   -0.00099000   -0.015124
   -0.00102000   -0.015558
   -0.00102000   -0.015549
   -0.00105000   -0.015974
   -0.00105000   -0.015973
   -0.00108000   -0.016398
   -0.00108000   -0.016397
   -0.00111000   -0.016822
   -0.00111000   -0.016821
   -0.00114000   -0.017246
   -0.00114000   -0.017245
   -0.00117000   -0.017671
   -0.00117000   -0.017669
   -0.00120000   -0.018095
   -0.00120000   -0.018094
   -0.00123000   -0.018519
   -0.00123000   -0.018518
   -0.00126000   -0.018943
   -0.00126000   -0.018942
   -0.00129000   -0.019367
   -0.00129000   -0.019366
   -0.00132000   -0.019791
   -0.00132000   -0.019785
   -0.00132000   -0.019779
   -0.00135000   -0.020196
   -0.00135000   -0.020194
   -0.00138000   -0.020611
   -0.00138000   -0.020609
   -0.00141000   -0.021025
   -0.00141000   -0.021024
   -0.00144000   -0.021440
   -0.00144000   -0.021435
   -0.00144000   -0.021432
   -0.00147000   -0.021841
   -0.00147000   -0.021831
   -0.00150000   -0.022230
   -0.00150000   -0.022216
   -0.00150000   -0.022202
   -0.00150000   -0.022202
   -0.00153000   -0.022578
   -0.00153000   -0.022571
   -0.00156000   -0.022934
   -0.00156000   -0.022930
   -0.00159000   -0.023293
   -0.00159000   -0.023289
   -0.00162000   -0.023653
   -0.00162000   -0.023647
   -0.00162000   -0.023645
   -0.00162000   -0.023644
   -0.00165000   -0.023998
   -0.00165000   -0.023989
   -0.00165000   -0.023985
   -0.00165000   -0.023982
   -0.00168000   -0.024327
   -0.00168000   -0.024321
   -0.00171000   -0.024666
   -0.00171000   -0.024661
   -0.00174000   -0.025005
   -0.00174000   -0.025000
   -0.00177000   -0.025344
   -0.00177000   -0.025339
   -0.00180000   -0.025684
   -0.00180000   -0.025678
   -0.00183000   -0.026022
   -0.00183000   -0.026017
   -0.00186000   -0.026362
   -0.00186000   -0.026356
   -0.00189000   -0.026701
   -0.00189000   -0.026696
   -0.00192000   -0.027040
   -0.00192000   -0.027035
   -0.00195000   -0.027379
   -0.00195000   -0.027373
   -0.00195000   -0.027370
   -0.00198000   -0.027712
   -0.00198000   -0.027703
   -0.00198000   -0.027699
   -0.00198000   -0.027698
   -0.00198000   -0.027698
   -0.00201000   -0.028024
   -0.00201000   -0.028019
   -0.00204000   -0.028345
   -0.00204000   -0.028339
   -0.00207000   -0.028665
   -0.00207000   -0.028659
   -0.00210000   -0.028985
   -0.00210000   -0.028979
   -0.00213000   -0.029305
   -0.00213000   -0.029299
   -0.00216000   -0.029625
   -0.00216000   -0.029619
   -0.00219000   -0.029945
   -0.00219000   -0.029939
   -0.00222000   -0.030265
   -0.00222000   -0.030258
   -0.00222000   -0.030256
   -0.00222000   -0.030255
   -0.00222000   -0.030255
   -0.00225000   -0.030574
   -0.00225000   -0.030564
   -0.00225000   -0.030562
   -0.00225000   -0.030561
   -0.00228000   -0.030878
   -0.00228000   -0.030871
   -0.00228000   -0.030869
   -0.00228000   -0.030868
   -0.00231000   -0.031179
   -0.00231000   -0.031170
   -0.00234000   -0.031478
   -0.00234000   -0.031471
   -0.00234000   -0.031470
   -0.00237000   -0.031776
   -0.00237000   -0.031769
   -0.00240000   -0.032075
   -0.00240000   -0.032062
   -0.00240000   -0.032055
   -0.00240000   -0.032049
   -0.00240000   -0.032044
   -0.00240000   -0.032043
   -0.00243000   -0.032328
   -0.00243000   -0.032320
   -0.00246000   -0.032604
   -0.00246000   -0.032596
   -0.00249000   -0.032879
   -0.00249000   -0.032871
   -0.00252000   -0.033155
   -0.00252000   -0.033146
   -0.00255000   -0.033430
   -0.00255000   -0.033418
   -0.00255000   -0.033412
   -0.00255000   -0.033411
   -0.00255000   -0.033410
   -0.00258000   -0.033690
   -0.00258000   -0.033681
   -0.00261000   -0.033958
   -0.00261000   -0.033950
   -0.00264000   -0.034227
   -0.00264000   -0.034217
   -0.00264000   -0.034215
   -0.00267000   -0.034490
   -0.00267000   -0.034481
   -0.00270000   -0.034755
   -0.00270000   -0.034746
   -0.00270000   -0.034745
   -0.00273000   -0.035019
   -0.00273000   -0.035010
   -0.00276000   -0.035283
   -0.00276000   -0.035274
   -0.00279000   -0.035547
   -0.00279000   -0.035538
   -0.00279000   -0.035537
   -0.00279000   -0.035536
   -0.00279000   -0.035534
   -0.00282000   -0.035804
   -0.00282000   -0.035793
   -0.00282000   -0.035789
   -0.00282000   -0.035789
   -0.00285000   -0.036056
   -0.00285000   -0.036046
   -0.00285000   -0.036044
   -0.00288000   -0.036309
   -0.00288000   -0.036299
   -0.00288000   -0.036294
   -0.00291000   -0.036554
   -0.00291000   -0.036544
   -0.00294000   -0.036801
   -0.00294000   -0.036790
   -0.00294000   -0.036788
   -0.00297000   -0.037044
   -0.00297000   -0.037034
   -0.00300000   -0.037289
   -0.00300000   -0.037280
   -0.00303000   -0.037535
   -0.00303000   -0.037525
   -0.00306000   -0.037780
   -0.00306000   -0.037767
   -0.00306000   -0.037767
   -0.00309000   -0.038022
   -0.00309000   -0.038012
   -0.00312000   -0.038266
   -0.00312000   -0.038257
   -0.00315000   -0.038511
   -0.00315000   -0.038498
   -0.00315000   -0.038498
   -0.00315000   -0.038493
   -0.00318000   -0.038749
   -0.00318000   -0.038739
   -0.00321000   -0.038992
   -0.00321000   -0.038980
   -0.00321000   -0.038978
   -0.00321000   -0.038975
   -0.00321000   -0.038974
   -0.00321000   -0.038974
   -0.00324000   -0.039211
   -0.00324000   -0.039194
   -0.00324000   -0.039193
   -0.00327000   -0.039425
   -0.00327000   -0.039413
   -0.00327000   -0.039412
   -0.00330000   -0.039643
   -0.00330000   -0.039630
   -0.00330000   -0.039624
   -0.00330000   -0.039622
   -0.00330000   -0.039621
   -0.00333000   -0.039863
   -0.00333000   -0.039842
   -0.00333000   -0.039838
   -0.00333000   -0.039838
   -0.00336000   -0.040066
   -0.00336000   -0.040053
   -0.00336000   -0.040051
   -0.00339000   -0.040281
   -0.00339000   -0.040265
   -0.00339000   -0.040263
   -0.00339000   -0.040262
   -0.00342000   -0.040491
   -0.00342000   -0.040478
   -0.00342000   -0.040476
   -0.00342000   -0.040476
   -0.00345000   -0.040703
   -0.00345000   -0.040690
   -0.00345000   -0.040688
   -0.00345000   -0.040688
   -0.00348000   -0.040912
   -0.00348000   -0.040900
   -0.00348000   -0.040899
   -0.00348000   -0.040898
   -0.00351000   -0.041123
   -0.00351000   -0.041111
   -0.00351000   -0.041109
   -0.00354000   -0.041332
   -0.00354000   -0.041320
   -0.00354000   -0.041319
   -0.00354000   -0.041319
   -0.00357000   -0.041541
   -0.00357000   -0.041530
   -0.00357000   -0.041528
   -0.00357000   -0.041528
   -0.00360000   -0.041751
   -0.00360000   -0.041739
   -0.00360000   -0.041737
   -0.00363000   -0.041960
   -0.00363000   -0.041948
   -0.00363000   -0.041946
   -0.00366000   -0.042169
   -0.00366000   -0.042156
   -0.00366000   -0.042154
   -0.00366000   -0.042153
   -0.00369000   -0.042373
   -0.00369000   -0.042353
   -0.00369000   -0.042332
   -0.00369000   -0.042328
   -0.00372000   -0.042550
   -0.00372000   -0.042533
   -0.00372000   -0.042531
   -0.00375000   -0.042737
   -0.00375000   -0.042722
   -0.00375000   -0.042718
   -0.00375000   -0.042717
   -0.00378000   -0.042923
   -0.00378000   -0.042909
   -0.00378000   -0.042907
   -0.00381000   -0.043113
   -0.00381000   -0.043098
   -0.00381000   -0.043097
   -0.00384000   -0.043302
   -0.00384000   -0.043288
   -0.00384000   -0.043286
   -0.00384000   -0.043286
   -0.00387000   -0.043491
   -0.00387000   -0.043477
   -0.00387000   -0.043476
   -0.00387000   -0.043475
   -0.00390000   -0.043681
   -0.00390000   -0.043666
   -0.00390000   -0.043664
   -0.00393000   -0.043867
   -0.00393000   -0.043845
   -0.00393000   -0.043842
   -0.00393000   -0.043842
   -0.00396000   -0.044043
   -0.00396000   -0.044017
   -0.00396000   -0.044006
   -0.00396000   -0.043986
   -0.00396000   -0.043988
   -0.00396000   -0.043987
   -0.00399000   -0.044188
   -0.00399000   -0.044166
   -0.00399000   -0.044165
   -0.00402000   -0.044348
   -0.00402000   -0.044329
   -0.00402000   -0.044326
   -0.00402000   -0.044325
   -0.00405000   -0.044506
   -0.00405000   -0.044489
   -0.00405000   -0.044486
   -0.00408000   -0.044667
   -0.00408000   -0.044648
   -0.00408000   -0.044645
   -0.00408000   -0.044644
   -0.00411000   -0.044822
   -0.00411000   -0.044802
   -0.00411000   -0.044798
   -0.00411000   -0.044798
   -0.00414000   -0.044974
   -0.00414000   -0.044956
   -0.00414000   -0.044954
   -0.00414000   -0.044953
   -0.00417000   -0.045128
   -0.00417000   -0.045110
   -0.00417000   -0.045108
   -0.00417000   -0.045107
   -0.00420000   -0.045282
   -0.00420000   -0.045261
   -0.00420000   -0.045259
   -0.00423000   -0.045431
   -0.00423000   -0.045414
   -0.00423000   -0.045411
   -0.00426000   -0.045583
   -0.00426000   -0.045565
   -0.00426000   -0.045563
   -0.00429000   -0.045735
   -0.00429000   -0.045717
   -0.00429000   -0.045715
   -0.00432000   -0.045886
   -0.00432000   -0.045869
   -0.00432000   -0.045866
   -0.00435000   -0.046038
   -0.00435000   -0.046019
   -0.00435000   -0.046007
   -0.00435000   -0.046002
   -0.00438000   -0.046178
   -0.00438000   -0.046160
   -0.00438000   -0.046158
   -0.00441000   -0.046328
   -0.00441000   -0.046309
   -0.00441000   -0.046307
   -0.00444000   -0.046475
   -0.00444000   -0.046457
   -0.00444000   -0.046455
   -0.00447000   -0.046623
   -0.00447000   -0.046605
   -0.00447000   -0.046603
   -0.00450000   -0.046771
   -0.00450000   -0.046753
   -0.00450000   -0.046751
   -0.00453000   -0.046919
   -0.00453000   -0.046901
   -0.00453000   -0.046899
   -0.00456000   -0.047067
   -0.00456000   -0.047048
   -0.00456000   -0.047046
   -0.00456000   -0.047045
   -0.00459000   -0.047213
   -0.00459000   -0.047195
   -0.00459000   -0.047193
   -0.00462000   -0.047360
   -0.00462000   -0.047336
   -0.00462000   -0.047325
   -0.00462000   -0.047263
   -0.00462000   -0.047289
   -0.00462000   -0.047287
   -0.00465000   -0.047466
   -0.00465000   -0.047448
   -0.00465000   -0.047446
   -0.00465000   -0.047446
   -0.00468000   -0.047612
   -0.00468000   -0.047593
   -0.00468000   -0.047590
   -0.00468000   -0.047589
   -0.00471000   -0.047758
   -0.00471000   -0.047739
   -0.00471000   -0.047737
   -0.00471000   -0.047736
   -0.00474000   -0.047897
   -0.00474000   -0.047879
   -0.00474000   -0.047876
   -0.00474000   -0.047876
   -0.00477000   -0.048036
   -0.00477000   -0.048015
   -0.00477000   -0.048013
   -0.00477000   -0.048013
   -0.00480000   -0.048172
   -0.00480000   -0.048147
   -0.00480000   -0.048144
   -0.00480000   -0.048142
   -0.00483000   -0.048300
   -0.00483000   -0.048277
   -0.00483000   -0.048273
   -0.00486000   -0.048428
   -0.00486000   -0.048408
   -0.00486000   -0.048405
   -0.00486000   -0.048405
   -0.00489000   -0.048559
   -0.00489000   -0.048539
   -0.00489000   -0.048525
   -0.00489000   -0.048524
   -0.00492000   -0.048687
   -0.00492000   -0.048661
   -0.00492000   -0.048659
   -0.00492000   -0.048657
   -0.00495000   -0.048810
   -0.00495000   -0.048786
   -0.00495000   -0.048784
   -0.00498000   -0.048931
   -0.00498000   -0.048907
   -0.00498000   -0.048901
   -0.00498000   -0.048900
   -0.00501000   -0.049051
   -0.00501000   -0.049028
   -0.00501000   -0.049025
   -0.00504000   -0.049170
   -0.00504000   -0.049148
   -0.00504000   -0.049146
   -0.00504000   -0.049145
   -0.00507000   -0.049290
   -0.00507000   -0.049268
   -0.00507000   -0.049266
   -0.00507000   -0.049265
   -0.00510000   -0.049410
   -0.00510000   -0.049388
   -0.00510000   -0.049386
   -0.00510000   -0.049385
   -0.00513000   -0.049530
   -0.00513000   -0.049504
   -0.00513000   -0.049500
   -0.00513000   -0.049500
   -0.00516000   -0.049642
   -0.00516000   -0.049619
   -0.00516000   -0.049614
   -0.00516000   -0.049614
   -0.00519000   -0.049751
   -0.00519000   -0.049728
   -0.00519000   -0.049725
   -0.00522000   -0.049863
   -0.00522000   -0.049839
   -0.00522000   -0.049836
   -0.00525000   -0.049973
   -0.00525000   -0.049950
   -0.00525000   -0.049947
   -0.00528000   -0.050084
   -0.00528000   -0.050061
   -0.00528000   -0.050058
   -0.00531000   -0.050195
   -0.00531000   -0.050172
   -0.00531000   -0.050169
   -0.00534000   -0.050306
   -0.00534000   -0.050283
   -0.00534000   -0.050279
   -0.00537000   -0.050417
   -0.00537000   -0.050394
   -0.00537000   -0.050390
   -0.00540000   -0.050528
   -0.00540000   -0.050499
   -0.00540000   -0.050496
   -0.00540000   -0.050496
   -0.00543000   -0.050630
   -0.00543000   -0.050605
   -0.00543000   -0.050602
   -0.00543000   -0.050602
   -0.00546000   -0.050736
   -0.00546000   -0.050711
   -0.00546000   -0.050708
   -0.00546000   -0.050707
   -0.00549000   -0.050841
   -0.00549000   -0.050810
   -0.00549000   -0.050805
   -0.00549000   -0.050804
   -0.00552000   -0.050935
   -0.00552000   -0.050909
   -0.00552000   -0.050905
   -0.00552000   -0.050905
   -0.00555000   -0.051034
   -0.00555000   -0.051009
   -0.00555000   -0.051005
   -0.00555000   -0.051004
   -0.00558000   -0.051134
   -0.00558000   -0.051108
   -0.00558000   -0.051104
   -0.00558000   -0.051104
   -0.00561000   -0.051233
   -0.00561000   -0.051208
   -0.00561000   -0.051204
   -0.00561000   -0.051203
   -0.00564000   -0.051333
   -0.00564000   -0.051307
   -0.00564000   -0.051303
   -0.00564000   -0.051303
   -0.00567000   -0.051432
   -0.00567000   -0.051403
   -0.00567000   -0.051399
   -0.00570000   -0.051526
   -0.00570000   -0.051499
   -0.00570000   -0.051495
   -0.00573000   -0.051621
   -0.00573000   -0.051594
   -0.00573000   -0.051590
   -0.00576000   -0.051717
   -0.00576000   -0.051686
   -0.00576000   -0.051678
   -0.00576000   -0.051677
   -0.00579000   -0.051799
   -0.00579000   -0.051770
   -0.00579000   -0.051766
   -0.00582000   -0.051886
   -0.00582000   -0.051857
   -0.00582000   -0.051853
   -0.00585000   -0.051973
   -0.00585000   -0.051943
   -0.00585000   -0.051938
   -0.00585000   -0.051938
   -0.00588000   -0.052055
   -0.00588000   -0.052025
   -0.00588000   -0.052021
   -0.00591000   -0.052138
   -0.00591000   -0.052108
   -0.00591000   -0.052104
   -0.00594000   -0.052221
   -0.00594000   -0.052191
   -0.00594000   -0.052185
   -0.00594000   -0.052184
   -0.00597000   -0.052299
   -0.00597000   -0.052268
   -0.00597000   -0.052263
   -0.00600000   -0.052377
   -0.00600000   -0.052346
   -0.00600000   -0.052341
   -0.00603000   -0.052455
   -0.00603000   -0.052423
   -0.00603000   -0.052418
   -0.00606000   -0.052532
   -0.00606000   -0.052501
   -0.00606000   -0.052496
   -0.00609000   -0.052610
   -0.00609000   -0.052579
   -0.00609000   -0.052574
   -0.00612000   -0.052687
   -0.00612000   -0.052656
   -0.00612000   -0.052652
   -0.00615000   -0.052766
   -0.00615000   -0.052734
   -0.00615000   -0.052729
   -0.00618000   -0.052843
   -0.00618000   -0.052808
   -0.00618000   -0.052803
   -0.00621000   -0.052914
   -0.00621000   -0.052880
   -0.00621000   -0.052875
   -0.00624000   -0.052984
   -0.00624000   -0.052951
   -0.00624000   -0.052946
   -0.00627000   -0.053055
   -0.00627000   -0.053022
   -0.00627000   -0.053017
   -0.00630000   -0.053126
   -0.00630000   -0.053093
   -0.00630000   -0.053088
   -0.00633000   -0.053197
   -0.00633000   -0.053164
   -0.00633000   -0.053160
   -0.00636000   -0.053268
   -0.00636000   -0.053231
   -0.00636000   -0.053224
   -0.00636000   -0.053223
   -0.00639000   -0.053330
   -0.00639000   -0.053296
   -0.00639000   -0.053291
   -0.00642000   -0.053397
   -0.00642000   -0.053362
   -0.00642000   -0.053357
   -0.00645000   -0.053462
   -0.00645000   -0.053415
   -0.00645000   -0.053407
   -0.00648000   -0.053515
   -0.00648000   -0.053458
   -0.00648000   -0.053451
   -0.00648000   -0.053450
   -0.00651000   -0.053557
   -0.00651000   -0.053520
   -0.00651000   -0.053514
   -0.00651000   -0.053514
   -0.00654000   -0.053613
   -0.00654000   -0.053576
   -0.00654000   -0.053570
   -0.00654000   -0.053569
   -0.00657000   -0.053667
   -0.00657000   -0.053626
   -0.00657000   -0.053619
   -0.00660000   -0.053713
   -0.00660000   -0.053673
   -0.00660000   -0.053657
   -0.00660000   -0.053649
   -0.00660000   -0.053649
   -0.00663000   -0.053748
   -0.00663000   -0.053708
   -0.00663000   -0.053702
   -0.00663000   -0.053701
   -0.00666000   -0.053790
   -0.00666000   -0.053748
   -0.00666000   -0.053741
   -0.00666000   -0.053740
   -0.00669000   -0.053829
   -0.00669000   -0.053788
   -0.00669000   -0.053781
   -0.00669000   -0.053780
   -0.00672000   -0.053868
   -0.00672000   -0.053827
   -0.00672000   -0.053820
   -0.00672000   -0.053819
   -0.00675000   -0.053907
   -0.00675000   -0.053866
   -0.00675000   -0.053859
   -0.00675000   -0.053858
   -0.00678000   -0.053946
   -0.00678000   -0.053904
   -0.00678000   -0.053896
   -0.00678000   -0.053895
   -0.00681000   -0.053980
   -0.00681000   -0.053938
   -0.00681000   -0.053931
   -0.00681000   -0.053930
   -0.00684000   -0.054015
   -0.00684000   -0.053973
   -0.00684000   -0.053966
   -0.00684000   -0.053965
   -0.00687000   -0.054050
   -0.00687000   -0.054004
   -0.00687000   -0.053995
   -0.00687000   -0.053994
   -0.00690000   -0.054076
   -0.00690000   -0.054033
   -0.00690000   -0.054025
   -0.00690000   -0.054024
   -0.00693000   -0.054106
   -0.00693000   -0.054062
   -0.00693000   -0.054054
   -0.00693000   -0.054053
   -0.00696000   -0.054135
   -0.00696000   -0.054091
   -0.00696000   -0.054079
   -0.00696000   -0.054074
   -0.00699000   -0.054159
   -0.00699000   -0.054115
   -0.00699000   -0.054107
   -0.00702000   -0.054185
   -0.00702000   -0.054136
   -0.00702000   -0.054127
   -0.00702000   -0.054123
   -0.00705000   -0.054206
   -0.00705000   -0.054159
   -0.00705000   -0.054149
   -0.00705000   -0.054147
   -0.00708000   -0.054225
   -0.00708000   -0.054175
   -0.00708000   -0.054164
   -0.00708000   -0.054162
   -0.00711000   -0.054241
   -0.00711000   -0.054194
   -0.00711000   -0.054185
   -0.00714000   -0.054261
   -0.00714000   -0.054213
   -0.00714000   -0.054204
   -0.00717000   -0.054280
   -0.00717000   -0.054232
   -0.00717000   -0.054223
   -0.00720000   -0.054299
   -0.00720000   -0.054251
   -0.00720000   -0.054241
   -0.00723000   -0.054317
   -0.00723000   -0.054269
   -0.00723000   -0.054259
   -0.00723000   -0.054258
   -0.00726000   -0.054334
   -0.00726000   -0.054287
   -0.00726000   -0.054277
   -0.00726000   -0.054276
   -0.00729000   -0.054351
   -0.00729000   -0.054304
   -0.00729000   -0.054295
   -0.00729000   -0.054293
   -0.00732000   -0.054369
   -0.00732000   -0.054321
   -0.00732000   -0.054312
   -0.00732000   -0.054311
   -0.00735000   -0.054386
   -0.00735000   -0.054338
   -0.00735000   -0.054329
   -0.00735000   -0.054327
   -0.00738000   -0.054403
   -0.00738000   -0.054355
   -0.00738000   -0.054346
   -0.00738000   -0.054344
   -0.00741000   -0.054419
   -0.00741000   -0.054372
   -0.00741000   -0.054362
   -0.00741000   -0.054361
   -0.00744000   -0.054435
   -0.00744000   -0.054388
   -0.00744000   -0.054378
   -0.00744000   -0.054377
   -0.00747000   -0.054451
   -0.00747000   -0.054404
   -0.00747000   -0.054394
   -0.00747000   -0.054392
   -0.00750000   -0.054467
   -0.00750000   -0.054419
   -0.00750000   -0.054409
   -0.00750000   -0.054408
   -0.00753000   -0.054483
   -0.00753000   -0.054435
   -0.00753000   -0.054425
   -0.00753000   -0.054423
   -0.00756000   -0.054498
   -0.00756000   -0.054450
   -0.00756000   -0.054440
   -0.00756000   -0.054438
   -0.00759000   -0.054513
   -0.00759000   -0.054465
   -0.00759000   -0.054454
   -0.00759000   -0.054453
   -0.00762000   -0.054527
   -0.00762000   -0.054479
   -0.00762000   -0.054469
   -0.00762000   -0.054467
   -0.00765000   -0.054542
   -0.00765000   -0.054493
   -0.00765000   -0.054483
   -0.00765000   -0.054482
   -0.00768000   -0.054555
   -0.00768000   -0.054507
   -0.00768000   -0.054497
   -0.00768000   -0.054496
   -0.00771000   -0.054570
   -0.00771000   -0.054521
   -0.00771000   -0.054511
   -0.00771000   -0.054509
   -0.00774000   -0.054583
   -0.00774000   -0.054534
   -0.00774000   -0.054524
   -0.00777000   -0.054596
   -0.00777000   -0.054547
   -0.00777000   -0.054536
   -0.00777000   -0.054534
   -0.00780000   -0.054607
   -0.00780000   -0.054558
   -0.00780000   -0.054548
   -0.00780000   -0.054546
   -0.00783000   -0.054619
   -0.00783000   -0.054569
   -0.00783000   -0.054558
   -0.00783000   -0.054556
   -0.00783000   -0.054555
   -0.00786000   -0.054628
   -0.00786000   -0.054579
   -0.00786000   -0.054568
   -0.00786000   -0.054566
   -0.00789000   -0.054636
   -0.00789000   -0.054587
   -0.00789000   -0.054576
   -0.00789000   -0.054575
   -0.00792000   -0.054644
   -0.00792000   -0.054594
   -0.00792000   -0.054584
   -0.00795000   -0.054654
   -0.00795000   -0.054603
   -0.00795000   -0.054592
   -0.00795000   -0.054590
   -0.00798000   -0.054659
   -0.00798000   -0.054610
   -0.00798000   -0.054599
   -0.00798000   -0.054597
   -0.00801000   -0.054666
   -0.00801000   -0.054616
   -0.00801000   -0.054606
   -0.00801000   -0.054604
   -0.00804000   -0.054672
   -0.00804000   -0.054623
   -0.00804000   -0.054612
   -0.00804000   -0.054610
   -0.00807000   -0.054678
   -0.00807000   -0.054629
   -0.00807000   -0.054618
   -0.00807000   -0.054617
   -0.00810000   -0.054684
   -0.00810000   -0.054635
   -0.00810000   -0.054624
   -0.00810000   -0.054623
   -0.00813000   -0.054690
   -0.00813000   -0.054641
   -0.00813000   -0.054630
   -0.00813000   -0.054629
   -0.00816000   -0.054696
   -0.00816000   -0.054647
   -0.00816000   -0.054636
   -0.00816000   -0.054634
   -0.00819000   -0.054702
   -0.00819000   -0.054652
   -0.00819000   -0.054641
   -0.00819000   -0.054640
   -0.00822000   -0.054707
   -0.00822000   -0.054658
   -0.00822000   -0.054647
   -0.00822000   -0.054645
   -0.00822000   -0.054644
   -0.00825000   -0.054712
   -0.00825000   -0.054663
   -0.00825000   -0.054652
   -0.00825000   -0.054650
   -0.00825000   -0.054650
   -0.00828000   -0.054717
   -0.00828000   -0.054668
   -0.00828000   -0.054657
   -0.00828000   -0.054655
   -0.00828000   -0.054654
   -0.00831000   -0.054722
   -0.00831000   -0.054672
   -0.00831000   -0.054661
   -0.00831000   -0.054660
   -0.00831000   -0.054659
   -0.00834000   -0.054727
   -0.00834000   -0.054677
   -0.00834000   -0.054666
   -0.00834000   -0.054664
   -0.00834000   -0.054664
   -0.00837000   -0.054731
   -0.00837000   -0.054681
   -0.00837000   -0.054670
   -0.00837000   -0.054669
   -0.00840000   -0.054736
   -0.00840000   -0.054686
   -0.00840000   -0.054674
   -0.00840000   -0.054673
   -0.00840000   -0.054672
   -0.00843000   -0.054740
   -0.00843000   -0.054690
   -0.00843000   -0.054678
   -0.00843000   -0.054677
   -0.00846000   -0.054744
   -0.00846000   -0.054694
   -0.00846000   -0.054682
   -0.00846000   -0.054680
   -0.00849000   -0.054748
   -0.00849000   -0.054697
   -0.00849000   -0.054686
   -0.00849000   -0.054684
   -0.00852000   -0.054751
   -0.00852000   -0.054701
   -0.00852000   -0.054689
   -0.00852000   -0.054688
   -0.00855000   -0.054755
   -0.00855000   -0.054704
   -0.00855000   -0.054693
   -0.00855000   -0.054691
   -0.00858000   -0.054758
   -0.00858000   -0.054708
   -0.00858000   -0.054696
   -0.00858000   -0.054694
   -0.00861000   -0.054761
   -0.00861000   -0.054711
   -0.00861000   -0.054699
   -0.00861000   -0.054697
   -0.00864000   -0.054764
   -0.00864000   -0.054713
   -0.00864000   -0.054702
   -0.00864000   -0.054700
   -0.00867000   -0.054767
   -0.00867000   -0.054716
   -0.00867000   -0.054704
   -0.00867000   -0.054702
   -0.00870000   -0.054769
   -0.00870000   -0.054719
   -0.00870000   -0.054707
   -0.00870000   -0.054705
   -0.00873000   -0.054772
   -0.00873000   -0.054721
   -0.00873000   -0.054709
   -0.00873000   -0.054707
   -0.00876000   -0.054774
   -0.00876000   -0.054723
   -0.00876000   -0.054711
   -0.00876000   -0.054709
   -0.00879000   -0.054776
   -0.00879000   -0.054725
   -0.00879000   -0.054713
   -0.00879000   -0.054711
   -0.00882000   -0.054778
   -0.00882000   -0.054727
   -0.00882000   -0.054715
   -0.00882000   -0.054713
   -0.00885000   -0.054780
   -0.00885000   -0.054729
   -0.00885000   -0.054717
   -0.00885000   -0.054715
   -0.00888000   -0.054782
   -0.00888000   -0.054730
   -0.00888000   -0.054718
   -0.00888000   -0.054716
   -0.00891000   -0.054784
   -0.00891000   -0.052587
   -0.00891000   -0.052283
   -0.00891000   -0.052262
   -0.00891000   -0.052258
   -0.00894000   -0.052375
   -0.00894000   -0.052350
   -0.00897000   -0.052456
   -0.00897000   -0.052425
   -0.00900000   -0.052521
   -0.00900000   -0.052484
   -0.00900000   -0.052478
   -0.00900000   -0.052477
   -0.00903000   -0.052572
   -0.00903000   -0.052540
   -0.00903000   -0.052535
   -0.00903000   -0.052534
   -0.00906000   -0.052627
   -0.00906000   -0.052593
   -0.00906000   -0.052589
   -0.00906000   -0.052588
   -0.00909000   -0.052679
   -0.00909000   -0.052645
   -0.00909000   -0.052640
   -0.00909000   -0.052639
   -0.00912000   -0.052731
   -0.00912000   -0.052697
   -0.00912000   -0.052692
   -0.00912000   -0.052691
   -0.00915000   -0.052777
   -0.00915000   -0.052741
   -0.00915000   -0.052736
   -0.00915000   -0.052735
   -0.00918000   -0.052824
   -0.00918000   -0.052789
   -0.00918000   -0.052783
   -0.00918000   -0.052782
   -0.00921000   -0.052865
   -0.00921000   -0.052827
   -0.00921000   -0.052822
   -0.00921000   -0.052821
   -0.00924000   -0.052901
   -0.00924000   -0.052862
   -0.00924000   -0.052856
   -0.00924000   -0.052855
   -0.00927000   -0.052929
   -0.00927000   -0.052885
   -0.00927000   -0.052877
   -0.00927000   -0.052876
   -0.00930000   -0.052946
   -0.00930000   -0.052902
   -0.00930000   -0.052894
   -0.00930000   -0.052892
   -0.00933000   -0.052961
   -0.00933000   -0.052918
   -0.00933000   -0.052908
   -0.00933000   -0.052907
   -0.00936000   -0.052975
   -0.00936000   -0.052931
   -0.00936000   -0.052921
   -0.00936000   -0.052920
   -0.00939000   -0.052987
   -0.00939000   -0.052943
   -0.00939000   -0.052933
   -0.00939000   -0.052931
   -0.00942000   -0.052998
   -0.00942000   -0.052953
   -0.00942000   -0.052943
   -0.00942000   -0.052941
   -0.00945000   -0.053008
   -0.00945000   -0.052963
   -0.00945000   -0.052952
   -0.00945000   -0.052951
   -0.00948000   -0.053016
   -0.00948000   -0.052970
   -0.00948000   -0.052960
   -0.00948000   -0.052958
   -0.00951000   -0.053022
   -0.00951000   -0.052975
   -0.00951000   -0.052964
   -0.00951000   -0.052962
   -0.00954000   -0.053026
   -0.00954000   -0.052979
   -0.00954000   -0.052968
   -0.00954000   -0.052966
   -0.00957000   -0.053031
   -0.00957000   -0.052984
   -0.00957000   -0.052973
   -0.00957000   -0.052971
   -0.00960000   -0.053036
   -0.00960000   -0.052989
   -0.00960000   -0.052978
   -0.00960000   -0.052976
   -0.00963000   -0.053041
   -0.00963000   -0.052994
   -0.00963000   -0.052983
   -0.00963000   -0.052981
   -0.00966000   -0.053046
   -0.00966000   -0.052998
   -0.00966000   -0.052987
   -0.00966000   -0.052985
   -0.00969000   -0.053050
   -0.00969000   -0.053002
   -0.00969000   -0.052991
   -0.00969000   -0.052989
   -0.00972000   -0.053054
   -0.00972000   -0.053006
   -0.00972000   -0.052995
   -0.00972000   -0.052993
   -0.00975000   -0.053058
   -0.00975000   -0.053010
   -0.00975000   -0.052999
   -0.00975000   -0.052997
   -0.00978000   -0.053061
   -0.00978000   -0.053014
   -0.00978000   -0.053002
   -0.00978000   -0.053000
   -0.00981000   -0.053064
   -0.00981000   -0.053017
   -0.00981000   -0.053005
   -0.00981000   -0.053002
   -0.00984000   -0.053067
   -0.00984000   -0.053019
   -0.00984000   -0.053007
   -0.00984000   -0.053005
   -0.00987000   -0.053070
   -0.00987000   -0.053022
   -0.00987000   -0.053011
   -0.00987000   -0.053009
   -0.00990000   -0.053075
   -0.00990000   -0.053028
   -0.00990000   -0.053016
   -0.00990000   -0.053014
   -0.00993000   -0.053080
   -0.00993000   -0.053034
   -0.00993000   -0.053022
   -0.00993000   -0.053020
   -0.00996000   -0.053087
   -0.00996000   -0.053040
   -0.00996000   -0.053029
   -0.00996000   -0.053027
   -0.00999000   -0.053093
   -0.00999000   -0.053047
   -0.00999000   -0.053034
   -0.00999000   -0.053032
   -0.01002000   -0.053098
   -0.01002000   -0.053051
   -0.01002000   -0.053040
   -0.01002000   -0.053039
   -0.01005000   -0.053104
   -0.01005000   -0.053056
   -0.01005000   -0.053043
   -0.01005000   -0.053041
   -0.01008000   -0.053107
   -0.01008000   -0.053059
   -0.01008000   -0.053046
   -0.01008000   -0.053044
   -0.01011000   -0.053110
   -0.01011000   -0.053062
   -0.01011000   -0.053049
   -0.01011000   -0.053047
   -0.01014000   -0.053112
   -0.01014000   -0.053065
   -0.01014000   -0.053052
   -0.01014000   -0.053050
   -0.01017000   -0.053115
   -0.01017000   -0.053068
   -0.01017000   -0.053055
   -0.01017000   -0.053053
   -0.01020000   -0.053120
   -0.01020000   -0.053073
   -0.01020000   -0.053060
   -0.01020000   -0.053058
   -0.01023000   -0.053125
   -0.01023000   -0.053078
   -0.01023000   -0.053065
   -0.01023000   -0.053063
   -0.01026000   -0.053130
   -0.01026000   -0.053083
   -0.01026000   -0.053070
   -0.01026000   -0.053068
   -0.01029000   -0.053134
   -0.01029000   -0.053087
   -0.01029000   -0.053075
   -0.01029000   -0.053072
   -0.01032000   -0.053139
   -0.01032000   -0.053092
   -0.01032000   -0.053079
   -0.01032000   -0.053077
   -0.01035000   -0.053144
   -0.01035000   -0.053097
   -0.01035000   -0.053084
   -0.01035000   -0.053082
   -0.01038000   -0.053148
   -0.01038000   -0.053101
   -0.01038000   -0.053088
   -0.01038000   -0.053086
   -0.01041000   -0.053152
   -0.01041000   -0.053099
   -0.01041000   -0.053084
   -0.01041000   -0.053080
   -0.01041000   -0.053079
   -0.01044000   -0.053149
   -0.01044000   -0.053101
   -0.01044000   -0.053089
   -0.01044000   -0.053086
   -0.01047000   -0.053153
   -0.01047000   -0.053106
   -0.01047000   -0.053093
   -0.01047000   -0.053091
   -0.01050000   -0.053157
   -0.01050000   -0.053110
   -0.01050000   -0.053097
   -0.01050000   -0.053095
   -0.01053000   -0.053161
   -0.01053000   -0.053114
   -0.01053000   -0.053101
   -0.01053000   -0.053099
   -0.01056000   -0.053165
   -0.01056000   -0.053118
   -0.01056000   -0.053105
   -0.01056000   -0.053102
   -0.01059000   -0.053169
   -0.01059000   -0.053121
   -0.01059000   -0.053108
   -0.01059000   -0.053106
   -0.01062000   -0.053172
   -0.01062000   -0.053125
   -0.01062000   -0.053112
   -0.01062000   -0.053110
   -0.01065000   -0.053176
   -0.01065000   -0.053128
   -0.01065000   -0.053115
   -0.01065000   -0.053113
   -0.01068000   -0.053179
   -0.01068000   -0.053132
   -0.01068000   -0.053119
   -0.01068000   -0.053116
   -0.01071000   -0.053182
   -0.01071000   -0.053135
   -0.01071000   -0.053122
   -0.01071000   -0.053119
   -0.01074000   -0.053187
   -0.01074000   -0.053140
   -0.01074000   -0.053127
   -0.01074000   -0.053125
   -0.01077000   -0.053193
   -0.01077000   -0.053147
   -0.01077000   -0.053134
   -0.01077000   -0.053132
   -0.01080000   -0.053199
   -0.01080000   -0.053153
   -0.01080000   -0.053140
   -0.01080000   -0.053138
   -0.01083000   -0.053205
   -0.01083000   -0.053159
   -0.01083000   -0.053146
   -0.01083000   -0.053144
   -0.01086000   -0.053212
   -0.01086000   -0.053165
   -0.01086000   -0.053153
   -0.01086000   -0.053150
   -0.01089000   -0.053218
   -0.01089000   -0.053172
   -0.01089000   -0.053159
   -0.01089000   -0.053157
   -0.01092000   -0.053226
   -0.01092000   -0.053180
   -0.01092000   -0.053167
   -0.01092000   -0.053165
   -0.01095000   -0.053234
   -0.01095000   -0.053188
   -0.01095000   -0.053175
   -0.01095000   -0.053173
   -0.01098000   -0.053241
   -0.01098000   -0.053196
   -0.01098000   -0.053183
   -0.01098000   -0.053181
   -0.01101000   -0.053251
   -0.01101000   -0.053206
   -0.01101000   -0.053194
   -0.01101000   -0.053192
   -0.01104000   -0.053263
   -0.01104000   -0.053218
   -0.01104000   -0.053206
   -0.01104000   -0.053204
   -0.01107000   -0.053275
   -0.01107000   -0.053230
   -0.01107000   -0.053218
   -0.01107000   -0.053216
   -0.01110000   -0.053288
   -0.01110000   -0.053245
   -0.01110000   -0.053233
   -0.01110000   -0.053231
   -0.01113000   -0.053304
   -0.01113000   -0.053260
   -0.01113000   -0.053248
   -0.01113000   -0.053247
   -0.01116000   -0.053319
   -0.01116000   -0.053276
   -0.01116000   -0.053264
   -0.01116000   -0.053262
   -0.01119000   -0.053334
   -0.01119000   -0.053291
   -0.01119000   -0.053279
   -0.01119000   -0.053277
   -0.01122000   -0.053350
   -0.01122000   -0.053307
   -0.01122000   -0.053295
   -0.01122000   -0.053293
   -0.01125000   -0.053365
   -0.01125000   -0.053322
   -0.01125000   -0.053310
   -0.01125000   -0.053308
   -0.01128000   -0.053381
   -0.01128000   -0.053337
   -0.01128000   -0.053325
   -0.01128000   -0.053323
   -0.01131000   -0.053396
   -0.01131000   -0.053353
   -0.01131000   -0.053341
   -0.01131000   -0.053339
   -0.01134000   -0.053411
   -0.01134000   -0.053367
   -0.01134000   -0.053356
   -0.01134000   -0.053354
   -0.01137000   -0.053426
   -0.01137000   -0.053383
   -0.01137000   -0.053371
   -0.01137000   -0.053369
   -0.01140000   -0.053441
   -0.01140000   -0.053398
   -0.01140000   -0.053386
   -0.01140000   -0.053384
   -0.01143000   -0.053456
   -0.01143000   -0.053413
   -0.01143000   -0.053401
   -0.01143000   -0.053399
   -0.01146000   -0.053471
   -0.01146000   -0.053428
   -0.01146000   -0.053416
   -0.01146000   -0.053414
   -0.01149000   -0.053486
   -0.01149000   -0.053443
   -0.01149000   -0.053431
   -0.01149000   -0.053429
   -0.01152000   -0.053501
   -0.01152000   -0.053458
   -0.01152000   -0.053446
   -0.01152000   -0.053444
   -0.01155000   -0.053516
   -0.01155000   -0.053473
   -0.01155000   -0.053461
   -0.01155000   -0.053459
   -0.01158000   -0.053531
   -0.01158000   -0.049466
   -0.01158000   -0.047789
   -0.01158000   -0.046411
   -0.01158000   -0.046239
   -0.01158000   -0.046206
   -0.01158000   -0.046198
   -0.01158000   -0.046196
   -0.01161000   -0.046283
   -0.01161000   -0.046257
   -0.01161000   -0.046253
   -0.01164000   -0.046339
   -0.01164000   -0.046311
   -0.01164000   -0.046307
   -0.01164000   -0.046306
   -0.01164000   -0.046305
   -0.01167000   -0.046388
   -0.01167000   -0.046358
   -0.01167000   -0.046353
   -0.01170000   -0.046434
   -0.01170000   -0.046403
   -0.01170000   -0.046398
   -0.01173000   -0.046477
   -0.01173000   -0.046444
   -0.01173000   -0.046439
   -0.01176000   -0.046517
   -0.01176000   -0.046482
   -0.01176000   -0.046475
   -0.01179000   -0.046549
   -0.01179000   -0.046513
   -0.01179000   -0.046506
   -0.01179000   -0.046504
   -0.01182000   -0.046577
   -0.01182000   -0.044899
   -0.01182000   -0.044781
   -0.01182000   -0.044775
   -0.01185000   -0.044888
   -0.01185000   -0.044876
   -0.01185000   -0.044875
   -0.01188000   -0.044987
   -0.01188000   -0.044973
   -0.01188000   -0.044972
   -0.01191000   -0.045073
   -0.01191000   -0.045055
   -0.01191000   -0.045053
   -0.01194000   -0.045144
   -0.01194000   -0.045119
   -0.01194000   -0.045116
   -0.01197000   -0.045201
   -0.01197000   -0.045173
   -0.01197000   -0.045168
   -0.01197000   -0.045167
   -0.01200000   -0.045248
   -0.01200000   -0.045218
   -0.01200000   -0.045213
   -0.01200000   -0.045212
   -0.01200000   -0.045212
