   -0.00003000   -0.000581
   -0.00006000   -0.001085
   -0.00009000   -0.001589
   -0.00012000   -0.002093
   -0.00015000   -0.002597
   -0.00018000   -0.003101
   -0.00021000   -0.003605
   -0.00024000   -0.004108
   -0.00027000   -0.004612
   -0.00030000   -0.005116
   -0.00033000   -0.005619
   -0.00036000   -0.006122
   -0.00039000   -0.006626
   -0.00042000   -0.007129
   -0.00045000   -0.007632
   -0.00048000   -0.008135
   -0.00051000   -0.008637
   -0.00054000   -0.009140
   -0.00057000   -0.009642
   -0.00060000   -0.010144
   -0.00063000   -0.010646
   -0.00066000   -0.011148
   -0.00069000   -0.011650
   -0.00072000   -0.012151
   -0.00075000   -0.012652
   -0.00078000   -0.013153
   -0.00081000   -0.013654
   -0.00084000   -0.014154
   -0.00087000   -0.014654
   -0.00090000   -0.015154
   -0.00093000   -0.015654
   -0.00096000   -0.016153
   -0.00099000   -0.016652
   -0.00102000   -0.017151
   -0.00105000   -0.017649
   -0.00108000   -0.018147
   -0.00111000   -0.018644
   -0.00114000   -0.019142
   -0.00117000   -0.019639
   -0.00120000   -0.020135
   -0.00123000   -0.020631
   -0.00126000   -0.021127
   -0.00129000   -0.021622
   -0.00132000   -0.022117
   -0.00135000   -0.022612
   -0.00138000   -0.023106
   -0.00141000   -0.023599
   -0.00144000   -0.024092
   -0.00147000   -0.024585
   -0.00150000   -0.025077
   -0.00153000   -0.025569
   -0.00156000   -0.026060
   -0.00159000   -0.026551
   -0.00162000   -0.027041
   -0.00165000   -0.027530
   -0.00168000   -0.028020
   -0.00171000   -0.028508
   -0.00174000   -0.028996
   -0.00177000   -0.029483
   -0.00180000   -0.029970
   -0.00183000   -0.030456
   -0.00186000   -0.030942
   -0.00189000   -0.031427
   -0.00192000   -0.031911
   -0.00195000   -0.032395
   -0.00198000   -0.032878
   -0.00201000   -0.033361
   -0.00204000   -0.033842
   -0.00207000   -0.034323
   -0.00210000   -0.034804
   -0.00213000   -0.035283
   -0.00216000   -0.035762
   -0.00219000   -0.036241
   -0.00222000   -0.036718
   -0.00225000   -0.037195
   -0.00228000   -0.037671
   -0.00231000   -0.038146
   -0.00234000   -0.038620
   -0.00237000   -0.039094
   -0.00240000   -0.039567
   -0.00243000   -0.040039
   -0.00246000   -0.040510
   -0.00249000   -0.040980
   -0.00252000   -0.041450
   -0.00255000   -0.041918
   -0.00258000   -0.042386
   -0.00261000   -0.042853
   -0.00264000   -0.043319
   -0.00267000   -0.043784
   -0.00270000   -0.044248
   -0.00273000   -0.044711
   -0.00276000   -0.045173
   -0.00279000   -0.045635
   -0.00282000   -0.046095
   -0.00285000   -0.046554
   -0.00288000   -0.047013
   -0.00291000   -0.047470
   -0.00294000   -0.047926
   -0.00297000   -0.048381
   -0.00300000   -0.048835
   -0.00303000   -0.049288
   -0.00306000   -0.049740
   -0.00309000   -0.050191
   -0.00312000   -0.050641
   -0.00315000   -0.051090
   -0.00318000   -0.051537
   -0.00321000   -0.051984
   -0.00324000   -0.052429
   -0.00327000   -0.052873
   -0.00330000   -0.053316
   -0.00333000   -0.053758
   -0.00336000   -0.054198
   -0.00339000   -0.054637
   -0.00342000   -0.055075
   -0.00345000   -0.055512
   -0.00348000   -0.055947
   -0.00351000   -0.056382
   -0.00354000   -0.056815
   -0.00357000   -0.057246
   -0.00360000   -0.057676
   -0.00363000   -0.058105
   -0.00366000   -0.058533
   -0.00369000   -0.058959
   -0.00372000   -0.059383
   -0.00375000   -0.059807
   -0.00378000   -0.060229
   -0.00381000   -0.060649
   -0.00384000   -0.061068
   -0.00387000   -0.061486
   -0.00390000   -0.061902
   -0.00393000   -0.062316
   -0.00396000   -0.062729
   -0.00399000   -0.063141
   -0.00402000   -0.063551
   -0.00405000   -0.063959
   -0.00408000   -0.064366
   -0.00411000   -0.064771
   -0.00414000   -0.065174
   -0.00417000   -0.065576
   -0.00420000   -0.065977
   -0.00423000   -0.066375
   -0.00426000   -0.066772
   -0.00429000   -0.067167
   -0.00432000   -0.067561
   -0.00435000   -0.067952
   -0.00438000   -0.068342
   -0.00441000   -0.068730
   -0.00444000   -0.069115
   -0.00447000   -0.069496
   -0.00450000   -0.069872
   -0.00453000   -0.070240
   -0.00456000   -0.070602
   -0.00459000   -0.070956
   -0.00462000   -0.071301
   -0.00465000   -0.071636
   -0.00468000   -0.071960
   -0.00471000   -0.072271
   -0.00474000   -0.072569
   -0.00477000   -0.072850
   -0.00480000   -0.073115
   -0.00483000   -0.073360
   -0.00486000   -0.073584
   -0.00489000   -0.073784
   -0.00492000   -0.073958
   -0.00495000   -0.074104
   -0.00498000   -0.074219
   -0.00501000   -0.074325
   -0.00504000   -0.074381
   -0.00507000   -0.074413
   -0.00510000   -0.074422
   -0.00513000   -0.074406
   -0.00516000   -0.074403
   -0.00519000   -0.074414
   -0.00522000   -0.074446
   -0.00525000   -0.074507
   -0.00528000   -0.074597
   -0.00531000   -0.074724
   -0.00534000   -0.074868
   -0.00537000   -0.075036
   -0.00540000   -0.075224
   -0.00543000   -0.075430
   -0.00546000   -0.075651
   -0.00549000   -0.075885
   -0.00552000   -0.076129
   -0.00555000   -0.076384
   -0.00558000   -0.076646
   -0.00561000   -0.076915
   -0.00564000   -0.077188
   -0.00567000   -0.077464
   -0.00570000   -0.077740
   -0.00573000   -0.078014
   -0.00576000   -0.078284
   -0.00579000   -0.078547
   -0.00582000   -0.078803
   -0.00585000   -0.079050
   -0.00588000   -0.079286
   -0.00591000   -0.079516
   -0.00594000   -0.079717
   -0.00597000   -0.079917
   -0.00600000   -0.080084
   -0.00603000   -0.080224
   -0.00606000   -0.080328
   -0.00609000   -0.080370
   -0.00612000   -0.080366
   -0.00615000   -0.080285
   -0.00618000   -0.080098
   -0.00621000   -0.079765
   -0.00624000   -0.079238
   -0.00627000   -0.078494
   -0.00630000   -0.077621
   -0.00633000   -0.076852
   -0.00636000   -0.076358
   -0.00639000   -0.076123
   -0.00642000   -0.076038
   -0.00645000   -0.076042
   -0.00648000   -0.076090
   -0.00651000   -0.076174
   -0.00654000   -0.076279
   -0.00657000   -0.076407
   -0.00660000   -0.076546
   -0.00663000   -0.076701
   -0.00666000   -0.076862
   -0.00669000   -0.077036
   -0.00672000   -0.077218
   -0.00675000   -0.077405
   -0.00678000   -0.077592
   -0.00681000   -0.077788
   -0.00684000   -0.077984
   -0.00687000   -0.078187
   -0.00690000   -0.078389
   -0.00693000   -0.078597
   -0.00696000   -0.078803
   -0.00699000   -0.079015
   -0.00702000   -0.079225
   -0.00705000   -0.079440
   -0.00708000   -0.079652
   -0.00711000   -0.079869
   -0.00714000   -0.080084
   -0.00717000   -0.080302
   -0.00720000   -0.080518
   -0.00723000   -0.080738
   -0.00726000   -0.080954
   -0.00729000   -0.081175
   -0.00732000   -0.081392
   -0.00735000   -0.081614
   -0.00738000   -0.081831
   -0.00741000   -0.082053
   -0.00744000   -0.082271
   -0.00747000   -0.082493
   -0.00750000   -0.082712
   -0.00753000   -0.082933
   -0.00756000   -0.083149
   -0.00759000   -0.083368
   -0.00762000   -0.083582
   -0.00765000   -0.083798
   -0.00768000   -0.084009
   -0.00771000   -0.084221
   -0.00774000   -0.084428
   -0.00777000   -0.084637
   -0.00780000   -0.084840
   -0.00783000   -0.085045
   -0.00786000   -0.085244
   -0.00789000   -0.085444
   -0.00792000   -0.085638
   -0.00795000   -0.085834
   -0.00798000   -0.086023
   -0.00801000   -0.086213
   -0.00804000   -0.086396
   -0.00807000   -0.086580
   -0.00810000   -0.086758
   -0.00813000   -0.086936
   -0.00816000   -0.087107
   -0.00819000   -0.087278
   -0.00822000   -0.087443
   -0.00825000   -0.087607
   -0.00828000   -0.087764
   -0.00831000   -0.087920
   -0.00834000   -0.088069
   -0.00837000   -0.088217
   -0.00840000   -0.088353
   -0.00843000   -0.088491
   -0.00846000   -0.088622
   -0.00849000   -0.088750
   -0.00852000   -0.088870
   -0.00855000   -0.088989
   -0.00858000   -0.089098
   -0.00861000   -0.089204
   -0.00864000   -0.089301
   -0.00867000   -0.089395
   -0.00870000   -0.089479
   -0.00873000   -0.089560
   -0.00876000   -0.089631
   -0.00879000   -0.089701
   -0.00882000   -0.089761
   -0.00885000   -0.089820
   -0.00888000   -0.089871
   -0.00891000   -0.089922
   -0.00894000   -0.089967
   -0.00897000   -0.090014
   -0.00900000   -0.090056
   -0.00903000   -0.090103
   -0.00906000   -0.090146
   -0.00909000   -0.090194
   -0.00912000   -0.090241
   -0.00915000   -0.090295
   -0.00918000   -0.090351
   -0.00921000   -0.090410
   -0.00924000   -0.090464
   -0.00927000   -0.090530
   -0.00930000   -0.090597
   -0.00933000   -0.090668
   -0.00936000   -0.090733
   -0.00939000   -0.090804
   -0.00942000   -0.090883
   -0.00945000   -0.090963
   -0.00948000   -0.091042
   -0.00951000   -0.091125
   -0.00954000   -0.091207
   -0.00957000   -0.091293
   -0.00960000   -0.091377
   -0.00963000   -0.091465
   -0.00966000   -0.091553
   -0.00969000   -0.091640
   -0.00972000   -0.091725
   -0.00975000   -0.091813
   -0.00978000   -0.091899
   -0.00981000   -0.091978
   -0.00984000   -0.092066
   -0.00987000   -0.092152
   -0.00990000   -0.092221
   -0.00993000   -0.092303
   -0.00996000   -0.092376
   -0.00999000   -0.092437
   -0.01002000   -0.092490
   -0.01005000   -0.092540
   -0.01008000   -0.092577
   -0.01011000   -0.092603
   -0.01014000   -0.092614
   -0.01017000   -0.092611
   -0.01020000   -0.092584
   -0.01023000   -0.092537
   -0.01026000   -0.092455
   -0.01029000   -0.092338
   -0.01032000   -0.092161
   -0.01035000   -0.091910
   -0.01038000   -0.091533
   -0.01041000   -0.090974
   -0.01044000   -0.090059
   -0.01047000   -0.088574
   -0.01050000   -0.086494
   -0.01053000   -0.084528
   -0.01056000   -0.083303
   -0.01059000   -0.082742
   -0.01062000   -0.082507
   -0.01065000   -0.082415
   -0.01068000   -0.082374
   -0.01071000   -0.082364
   -0.01074000   -0.082371
   -0.01077000   -0.082394
   -0.01080000   -0.082425
   -0.01083000   -0.082464
   -0.01086000   -0.082514
   -0.01089000   -0.082571
   -0.01092000   -0.082622
   -0.01095000   -0.082693
   -0.01098000   -0.082755
   -0.01101000   -0.082830
   -0.01104000   -0.082899
   -0.01107000   -0.082970
   -0.01110000   -0.083043
   -0.01113000   -0.083118
   -0.01116000   -0.083184
   -0.01119000   -0.083263
   -0.01122000   -0.083332
   -0.01125000   -0.083405
   -0.01128000   -0.083471
   -0.01131000   -0.083540
   -0.01134000   -0.083602
   -0.01137000   -0.083666
   -0.01140000   -0.083722
   -0.01143000   -0.083779
   -0.01146000   -0.083828
   -0.01149000   -0.083879
   -0.01152000   -0.083920
   -0.01155000   -0.083959
   -0.01158000   -0.083992
   -0.01161000   -0.084022
   -0.01164000   -0.084042
   -0.01167000   -0.084059
   -0.01170000   -0.084068
   -0.01173000   -0.084076
   -0.01176000   -0.084072
   -0.01179000   -0.084066
   -0.01182000   -0.084051
   -0.01185000   -0.084034
   -0.01188000   -0.084006
   -0.01191000   -0.083980
   -0.01194000   -0.083950
   -0.01197000   -0.083911
   -0.01200000   -0.083871
