Time   1.0000
    1   0.0000   0.0000   0.0000 -8.0098e-06 -8.0098e-06  0.0000e+00 -2.7611e-05  2.7611e-05  1.1029e-07  1.1029e-07 -4.5064e-02  1.1995e-08 -1.1995e-08
    2   1.0000   0.0000   0.0000 -8.0336e-06 -8.5067e-06  0.0000e+00 -6.6887e-04  1.6829e-05  2.4670e-07  8.3151e-08  6.9477e-03  4.3460e-08 -1.3755e-08
    6   0.0000   1.0000   0.0000 -8.5067e-06 -8.0336e-06  0.0000e+00 -1.6829e-05  6.6887e-04  8.3151e-08  2.4670e-07  6.9477e-03  1.3755e-08 -4.3460e-08
    7   1.0000   1.0000   0.0000 -8.1344e-06 -8.1344e-06 -6.5990e-04 -6.3566e-04  6.3566e-04  1.4715e-07  1.4715e-07 -3.0746e-09  7.3934e-08 -7.3934e-08
   11   0.0000   2.0000   0.0000 -1.1124e-05 -7.2901e-06  0.0000e+00 -2.5014e-05  1.2472e-03 -5.0923e-08  3.0334e-08  2.0221e-02  3.9626e-08 -1.1037e-07
    3   2.0000   0.0000   0.0000 -7.2901e-06 -1.1124e-05  0.0000e+00 -1.2472e-03  2.5014e-05  3.0334e-08 -5.0923e-08  2.0221e-02  1.1037e-07 -3.9626e-08
    8   2.0000   1.0000   0.0000 -6.6573e-06 -1.1349e-05 -1.2349e-03 -1.2199e-03  5.0057e-04  1.4116e-07 -3.1929e-07  1.6457e-10  1.7579e-07 -9.5686e-08
   12   1.0000   2.0000   0.0000 -1.1349e-05 -6.6573e-06 -1.2349e-03 -5.0057e-04  1.2199e-03 -3.1929e-07  1.4116e-07  1.6457e-10  9.5686e-08 -1.7579e-07
   13   2.0000   2.0000   0.0000 -1.0507e-05 -1.0507e-05 -2.3773e-03 -1.0584e-03  1.0584e-03 -2.9039e-08 -2.9039e-08 -2.2178e-08  1.1287e-07 -1.1287e-07
    4   3.0000   0.0000   0.0000 -4.4571e-06 -1.4413e-05  0.0000e+00 -1.6483e-03 -1.7179e-06 -3.1427e-07  2.1651e-07  1.8657e-02  1.4592e-07  6.7979e-09
   16   0.0000   3.0000   0.0000 -1.4413e-05 -4.4571e-06  0.0000e+00  1.7179e-06  1.6483e-03  2.1651e-07 -3.1427e-07  1.8657e-02 -6.7979e-09 -1.4592e-07
    9   3.0000   1.0000   0.0000 -3.8899e-06 -1.5380e-05 -1.6332e-03 -1.6083e-03  2.8905e-04  4.6094e-08 -3.7374e-07  2.0314e-08  3.3854e-07 -1.1470e-07
   14   3.0000   2.0000   0.0000 -6.3664e-06 -1.7247e-05 -3.2091e-03 -1.5364e-03  6.0094e-04 -1.1527e-07 -4.5869e-07 -3.9313e-09  3.1640e-07 -1.5129e-07
   17   1.0000   3.0000   0.0000 -1.5380e-05 -3.8899e-06 -1.6332e-03 -2.8905e-04  1.6083e-03 -3.7374e-07  4.6094e-08  2.0314e-08  1.1470e-07 -3.3854e-07
   18   2.0000   3.0000   0.0000 -1.7247e-05 -6.3664e-06 -3.2091e-03 -6.0094e-04  1.5364e-03 -4.5869e-07 -1.1527e-07 -3.9313e-09  1.5129e-07 -3.1640e-07
   19   3.0000   3.0000   0.0000 -1.6617e-05 -1.6617e-05 -4.5664e-03 -1.1543e-03  1.1543e-03 -1.8536e-06 -1.8536e-06  2.1837e-06  6.3259e-07 -6.3259e-07
    5   4.0000   0.0000   0.0000  0.0000e+00 -1.5761e-05  0.0000e+00 -1.7827e-03  2.0279e-05  2.1875e-02  4.2538e-07  1.6745e-02  7.0174e-08  3.9128e-08
   21   0.0000   4.0000   0.0000 -1.5761e-05  0.0000e+00  0.0000e+00 -2.0279e-05  1.7827e-03  4.2538e-07  2.1875e-02  1.6745e-02 -3.9128e-08 -7.0174e-08
   25   4.0000   4.0000   0.0000  0.0000e+00  0.0000e+00 -6.0000e-03  0.0000e+00  0.0000e+00 -6.0133e-02 -6.0133e-02 -8.0084e-02  4.2659e-02 -4.2659e-02
   10   4.0000   1.0000   0.0000  0.0000e+00 -1.7144e-05 -1.7820e-03 -1.7737e-03  0.0000e+00  3.8939e-02  5.3906e-07  7.4316e-09  1.9198e-07 -1.6650e-02
   15   4.0000   2.0000   0.0000  0.0000e+00 -2.0471e-05 -3.5063e-03 -1.6613e-03  0.0000e+00  5.0286e-02  6.3853e-07  9.6815e-08  4.1701e-07 -3.2709e-02
   20   4.0000   3.0000   0.0000  0.0000e+00 -3.1917e-05 -5.1501e-03 -1.6222e-03  0.0000e+00 -5.0965e-02 -4.1032e-07  1.6438e-06  2.0044e-06 -5.7952e-02
   22   1.0000   4.0000   0.0000 -1.7144e-05  0.0000e+00 -1.7820e-03  0.0000e+00  1.7737e-03  5.3906e-07  3.8939e-02  7.4316e-09  1.6650e-02 -1.9198e-07
   23   2.0000   4.0000   0.0000 -2.0471e-05  0.0000e+00 -3.5063e-03  0.0000e+00  1.6613e-03  6.3853e-07  5.0286e-02  9.6815e-08  3.2709e-02 -4.1701e-07
   24   3.0000   4.0000   0.0000 -3.1917e-05  0.0000e+00 -5.1501e-03  0.0000e+00  1.6222e-03 -4.1032e-07 -5.0965e-02  1.6438e-06  5.7952e-02 -2.0044e-06
Time   2.0000
    1   0.0000   0.0000   0.0000 -4.6481e-05 -4.6481e-05  0.0000e+00 -5.2459e-05  5.2459e-05 -2.1468e-07 -2.2189e-07 -7.2155e-02 -4.2067e-08  3.9189e-08
    2   1.0000   0.0000   0.0000 -4.9683e-05 -5.1209e-05  0.0000e+00 -1.2817e-03  2.7413e-05 -6.2394e-07 -3.3740e-07  1.8103e-02 -1.1738e-07  1.1767e-08
    6   0.0000   1.0000   0.0000 -5.1209e-05 -4.9683e-05  0.0000e+00 -2.7413e-05  1.2817e-03 -3.1218e-07 -5.6105e-07  1.8103e-02 -2.0589e-09  9.5538e-08
    7   1.0000   1.0000   0.0000 -4.6118e-05 -4.6118e-05 -1.2410e-03 -1.1674e-03  1.1674e-03 -7.6513e-07 -9.6561e-07 -1.2148e-08 -1.0257e-07  9.7393e-08
   11   0.0000   2.0000   0.0000 -8.0933e-05 -5.0992e-05  0.0000e+00 -4.2301e-05  2.1745e-03  3.2513e-07 -2.3375e-07  2.3908e-02  2.9768e-08  6.1713e-09
    3   2.0000   0.0000   0.0000 -5.0992e-05 -8.0933e-05  0.0000e+00 -2.1745e-03  4.2301e-05 -2.7027e-07  3.1348e-07  2.3908e-02 -4.3801e-09 -2.8008e-08
    8   2.0000   1.0000   0.0000 -3.1114e-05 -8.2365e-05 -2.2142e-03 -2.2550e-03  7.5049e-04 -2.7979e-07 -3.3677e-07 -8.4624e-08 -9.9780e-08  5.2794e-08
   12   1.0000   2.0000   0.0000 -8.2365e-05 -3.1114e-05 -2.2142e-03 -7.5049e-04  2.2550e-03 -1.5595e-07  2.6606e-07 -5.1890e-08  1.6836e-08  5.8247e-08
   13   2.0000   2.0000   0.0000 -6.8393e-05 -6.8393e-05 -4.3491e-03 -1.9988e-03  1.9988e-03  4.0086e-06  1.9554e-06 -4.0799e-07 -2.2847e-08 -1.8184e-07
    4   3.0000   0.0000   0.0000 -3.2154e-05 -1.1699e-04  0.0000e+00 -2.7664e-03 -7.1067e-06 -2.7375e-08  5.1310e-08  2.0284e-02  1.7364e-08  1.2987e-08
   16   0.0000   3.0000   0.0000 -1.1699e-04 -3.2154e-05  0.0000e+00  7.1069e-06  2.7664e-03  3.3958e-08 -4.0237e-10  2.0284e-02 -1.8231e-08 -1.5432e-08
    9   3.0000   1.0000   0.0000 -1.8845e-05 -1.2307e-04 -2.7910e-03 -2.8067e-03  3.9744e-04 -9.4840e-07  1.2578e-07 -4.7886e-09 -6.5000e-08  1.1855e-07
   14   3.0000   2.0000   0.0000 -1.3076e-05 -1.4435e-04 -5.7467e-03 -3.1015e-03  7.7470e-04  1.9220e-06  5.6009e-07 -5.6812e-07 -3.9842e-07  3.3810e-08
   17   1.0000   3.0000   0.0000 -1.2307e-04 -1.8845e-05 -2.7910e-03 -3.9744e-04  2.8067e-03 -3.0228e-07 -4.1793e-07  1.9777e-09 -7.9449e-08  8.0601e-08
   18   2.0000   3.0000   0.0000 -1.4435e-04 -1.3076e-05 -5.7467e-03 -7.7470e-04  3.1015e-03 -9.4504e-08  2.1515e-06 -6.6444e-07 -1.1101e-08  4.9380e-07
   19   3.0000   3.0000   0.0000 -1.2589e-04 -1.2589e-04 -8.5703e-03 -2.5205e-03  2.5205e-03 -3.1062e-06 -3.4822e-06 -1.5643e-06 -1.5277e-06  1.5017e-06
    5   4.0000   0.0000   0.0000  0.0000e+00 -1.3168e-04  0.0000e+00 -2.9395e-03  2.7606e-05  1.4518e-01  2.4823e-08  1.5718e-02 -5.3721e-09  1.0788e-08
   21   0.0000   4.0000   0.0000 -1.3168e-04  0.0000e+00  0.0000e+00 -2.7606e-05  2.9395e-03  1.8324e-08  1.4518e-01  1.5718e-02 -9.0467e-09  5.9167e-09
   25   4.0000   4.0000   0.0000  0.0000e+00  0.0000e+00 -1.2000e-02  0.0000e+00  0.0000e+00 -1.5491e-01 -1.5491e-01 -8.3871e-02  4.2986e-02 -4.2986e-02
   10   4.0000   1.0000   0.0000  0.0000e+00 -1.4140e-04 -2.9927e-03 -3.0423e-03  0.0000e+00  1.5739e-01  1.4579e-07 -6.9433e-09 -4.3440e-08 -1.8104e-02
   15   4.0000   2.0000   0.0000  0.0000e+00 -1.5383e-04 -6.1357e-03 -3.2339e-03  0.0000e+00  9.6962e-02  3.6017e-08  2.1316e-07  1.3809e-08 -3.6440e-02
   20   4.0000   3.0000   0.0000  0.0000e+00 -2.3854e-04 -9.8358e-03 -4.1460e-03  0.0000e+00 -2.4462e-01 -1.2081e-06  1.4072e-06 -1.2886e-07 -4.8311e-02
   22   1.0000   4.0000   0.0000 -1.4140e-04  0.0000e+00 -2.9927e-03  0.0000e+00  3.0423e-03  1.2518e-07  1.5739e-01 -7.2652e-09  1.8104e-02  4.5824e-08
   23   2.0000   4.0000   0.0000 -1.5383e-04  0.0000e+00 -6.1357e-03  0.0000e+00  3.2339e-03 -1.6077e-08  9.6962e-02  2.2515e-07  3.6440e-02 -1.7583e-08
   24   3.0000   4.0000   0.0000 -2.3854e-04  0.0000e+00 -9.8358e-03  0.0000e+00  4.1460e-03 -1.2298e-06 -2.4462e-01  1.4751e-06  4.8310e-02  1.3655e-07
