    0.00001000    0.002028    0.00001000    0.016229
    0.00002000    0.003667    0.00002000    0.029143
    0.00003000    0.005275    0.00003000    0.041858
    0.00004000    0.006884    0.00004000    0.054607
    0.00005000    0.008493    0.00005000    0.067349
    0.00006000    0.010103    0.00006000    0.080097
    0.00007000    0.011711    0.00007000    0.092828
    0.00008000    0.013319    0.00008000    0.105570
    0.00009000    0.014927    0.00009000    0.118303
    0.00010000    0.016535    0.00010000    0.131045
    0.00011000    0.018142    0.00011000    0.143774
    0.00012000    0.019748    0.00012000    0.156513
    0.00013000    0.021355    0.00013000    0.169238
    0.00014000    0.022960    0.00014000    0.181972
    0.00015000    0.024565    0.00015000    0.194692
    0.00016000    0.026170    0.00016000    0.207421
    0.00017000    0.027774    0.00017000    0.220150
    0.00018000    0.029376    0.00018000    0.232861
    0.00019000    0.030979    0.00019000    0.245582
    0.00020000    0.032580    0.00020000    0.258286
    0.00021000    0.034180    0.00021000    0.271000
    0.00022000    0.035779    0.00022000    0.283696
    0.00023000    0.037378    0.00023000    0.296403
    0.00024000    0.038975    0.00024000    0.309090
    0.00025000    0.040571    0.00025000    0.321770
    0.00026000    0.042166    0.00026000    0.334463
    0.00027000    0.043761    0.00027000    0.347139
    0.00028000    0.045353    0.00028000    0.359821
    0.00029000    0.046945    0.00029000    0.372487
    0.00030000    0.048535    0.00030000    0.385157
    0.00031000    0.050123    0.00031000    0.397824
    0.00032000    0.051711    0.00032000    0.410474
    0.00033000    0.053297    0.00033000    0.423129
    0.00034000    0.054882    0.00034000    0.435765
    0.00035000    0.056466    0.00035000    0.448408
    0.00036000    0.058047    0.00036000    0.461030
    0.00037000    0.059627    0.00037000    0.473662
    0.00038000    0.061205    0.00038000    0.486269
    0.00039000    0.062781    0.00039000    0.498869
    0.00040000    0.064356    0.00040000    0.511477
    0.00041000    0.065930    0.00041000    0.524067
    0.00042000    0.067500    0.00042000    0.536657
    0.00043000    0.069071    0.00043000    0.549233
    0.00044000    0.070637    0.00044000    0.561806
    0.00045000    0.072201    0.00045000    0.574371
    0.00046000    0.073765    0.00046000    0.586921
    0.00047000    0.075326    0.00047000    0.599472
    0.00048000    0.076885    0.00048000    0.612001
    0.00049000    0.078443    0.00049000    0.624534
    0.00050000    0.079997    0.00050000    0.637043
    0.00051000    0.081549    0.00051000    0.649542
    0.00052000    0.083099    0.00052000    0.662045
    0.00053000    0.084648    0.00053000    0.674529
    0.00054000    0.086192    0.00054000    0.687008
    0.00055000    0.087737    0.00055000    0.699473
    0.00056000    0.089274    0.00056000    0.711928
    0.00057000    0.090810    0.00057000    0.724374
    0.00058000    0.092346    0.00058000    0.736804
    0.00059000    0.093878    0.00059000    0.749230
    0.00060000    0.095408    0.00060000    0.761633
    0.00061000    0.096935    0.00061000    0.774023
    0.00062000    0.098458    0.00062000    0.786412
    0.00063000    0.099981    0.00063000    0.798782
    0.00064000    0.101497    0.00064000    0.811142
    0.00065000    0.103010    0.00065000    0.823489
    0.00066000    0.104523    0.00066000    0.835819
    0.00067000    0.106032    0.00067000    0.848142
    0.00068000    0.107537    0.00068000    0.860441
    0.00069000    0.109039    0.00069000    0.872724
    0.00070000    0.110538    0.00070000    0.885003
    0.00071000    0.112035    0.00071000    0.897262
    0.00072000    0.113525    0.00072000    0.909507
    0.00073000    0.115014    0.00073000    0.921735
    0.00074000    0.116500    0.00074000    0.933951
    0.00075000    0.117980    0.00075000    0.946144
    0.00076000    0.119457    0.00076000    0.958323
    0.00077000    0.120933    0.00077000    0.970487
    0.00078000    0.122401    0.00078000    0.982630
    0.00079000    0.123866    0.00079000    0.994755
    0.00080000    0.125329    0.00080000    1.006865
    0.00081000    0.126788    0.00081000    1.018956
    0.00082000    0.128243    0.00082000    1.031031
    0.00083000    0.129691    0.00083000    1.043078
    0.00084000    0.131137    0.00084000    1.055110
    0.00085000    0.132578    0.00085000    1.067122
    0.00086000    0.134017    0.00086000    1.079117
    0.00087000    0.135447    0.00087000    1.091081
    0.00088000    0.136875    0.00088000    1.103027
    0.00089000    0.138298    0.00089000    1.114953
    0.00090000    0.139718    0.00090000    1.126859
    0.00091000    0.141130    0.00091000    1.138734
    0.00092000    0.142538    0.00092000    1.150586
    0.00093000    0.143942    0.00093000    1.162416
    0.00094000    0.145342    0.00094000    1.174223
    0.00095000    0.146733    0.00095000    1.185997
    0.00096000    0.148120    0.00096000    1.197745
    0.00097000    0.149502    0.00097000    1.209468
    0.00098000    0.150878    0.00098000    1.221162
    0.00099000    0.152249    0.00099000    1.232825
    0.00100000    0.153614    0.00100000    1.244458
    0.00101000    0.154972    0.00101000    1.256057
    0.00102000    0.156323    0.00102000    1.267622
    0.00103000    0.157668    0.00103000    1.279150
    0.00104000    0.159006    0.00104000    1.290638
    0.00105000    0.160336    0.00105000    1.302084
    0.00106000    0.161657    0.00106000    1.313482
    0.00107000    0.162969    0.00107000    1.324830
    0.00108000    0.164272    0.00108000    1.336120
    0.00109000    0.165563    0.00109000    1.347347
    0.00110000    0.166843    0.00110000    1.358504
    0.00111000    0.168110    0.00111000    1.369580
    0.00112000    0.169360    0.00112000    1.380563
    0.00113000    0.170593    0.00113000    1.391437
    0.00114000    0.171796    0.00114000    1.402173
    0.00115000    0.172973    0.00115000    1.412749
    0.00116000    0.174124    0.00116000    1.423124
    0.00117000    0.175232    0.00117000    1.433230
    0.00118000    0.176279    0.00118000    1.442996
    0.00119000    0.177260    0.00119000    1.452369
    0.00120000    0.178164    0.00120000    1.461326
    0.00121000    0.179005    0.00121000    1.469984
    0.00122000    0.179825    0.00122000    1.478621
    0.00123000    0.180696    0.00123000    1.487572
    0.00124000    0.181621    0.00124000    1.496929
    0.00125000    0.182630    0.00125000    1.506703
    0.00126000    0.183694    0.00126000    1.516750
    0.00127000    0.184790    0.00127000    1.526951
    0.00128000    0.185903    0.00128000    1.537219
    0.00129000    0.187026    0.00129000    1.547509
    0.00130000    0.188146    0.00130000    1.557792
    0.00131000    0.189267    0.00131000    1.568059
    0.00132000    0.190387    0.00132000    1.578300
    0.00133000    0.191492    0.00133000    1.588490
    0.00134000    0.192590    0.00134000    1.598637
    0.00135000    0.193671    0.00135000    1.608727
    0.00136000    0.194727    0.00136000    1.618742
    0.00137000    0.195763    0.00137000    1.628519
    0.00138000    0.196774    0.00138000    1.637993
    0.00139000    0.197764    0.00139000    1.647135
    0.00140000    0.198729    0.00140000    1.655922
    0.00141000    0.199671    0.00141000    1.664384
    0.00142000    0.200594    0.00142000    1.672624
    0.00143000    0.201510    0.00143000    1.680804
    0.00144000    0.202428    0.00144000    1.689082
    0.00145000    0.203359    0.00145000    1.697577
    0.00146000    0.204297    0.00146000    1.706304
    0.00147000    0.205238    0.00147000    1.715242
    0.00148000    0.206183    0.00148000    1.724350
    0.00149000    0.207134    0.00149000    1.733584
    0.00150000    0.208085    0.00150000    1.742891
    0.00151000    0.209035    0.00151000    1.752241
    0.00152000    0.209981    0.00152000    1.761606
    0.00153000    0.210922    0.00153000    1.770964
    0.00154000    0.211858    0.00154000    1.780293
    0.00155000    0.212786    0.00155000    1.789576
    0.00156000    0.213707    0.00156000    1.798798
    0.00157000    0.214614    0.00157000    1.807934
    0.00158000    0.215517    0.00158000    1.816971
    0.00159000    0.216409    0.00159000    1.825870
    0.00160000    0.217288    0.00160000    1.834599
    0.00161000    0.218153    0.00161000    1.843135
    0.00162000    0.219004    0.00162000    1.851452
    0.00163000    0.219839    0.00163000    1.859530
    0.00164000    0.220654    0.00164000    1.867352
    0.00165000    0.221445    0.00165000    1.874922
    0.00166000    0.222209    0.00166000    1.882262
    0.00167000    0.222938    0.00167000    1.889409
    0.00168000    0.223627    0.00168000    1.896408
    0.00169000    0.224262    0.00169000    1.903297
    0.00170000    0.224846    0.00170000    1.910102
    0.00171000    0.225362    0.00171000    1.916797
    0.00172000    0.225798    0.00172000    1.923345
    0.00173000    0.226145    0.00173000    1.929699
    0.00174000    0.226365    0.00174000    1.935779
    0.00175000    0.226434    0.00175000    1.941522
    0.00176000    0.226294    0.00176000    1.946842
    0.00176000    0.226104    0.00176000    1.944901
    0.00176000    0.220326    0.00176000    1.938162
    0.00176000    0.213702    0.00176000    1.932718
    0.00176000    0.213628    0.00176000    1.932270
    0.00176000    0.213537    0.00176000    1.931915
    0.00176000    0.213405    0.00176000    1.931613
    0.00176000    0.213534    0.00176000    1.932272
    0.00176000    0.209498    0.00176000    1.910223
    0.00176000    0.209498    0.00176000    1.910221
    0.00177000    0.210585    0.00177000    1.923460
    0.00178000    0.211315    0.00178000    1.933083
    0.00179000    0.211898    0.00179000    1.941617
    0.00180000    0.212452    0.00180000    1.949334
    0.00181000    0.212996    0.00181000    1.955738
    0.00182000    0.213583    0.00182000    1.959943
    0.00183000    0.214180    0.00183000    1.962074
    0.00184000    0.214750    0.00184000    1.962189
    0.00185000    0.215174    0.00185000    1.962658
    0.00185000    0.215120    0.00185000    1.963307
    0.00185000    0.213721    0.00185000    1.949033
    0.00185000    0.213675    0.00185000    1.948200
    0.00185000    0.213651    0.00185000    1.947389
    0.00185000    0.213189    0.00185000    1.946608
    0.00185000    0.213156    0.00185000    1.946135
    0.00185000    0.212699    0.00185000    1.945741
    0.00185000    0.212664    0.00185000    1.944277
    0.00185000    0.212651    0.00185000    1.943884
    0.00185000    0.212639    0.00185000    1.943582
    0.00185000    0.212598    0.00185000    1.942935
    0.00185000    0.212590    0.00185000    1.942789
    0.00185000    0.212588    0.00185000    1.942766
    0.00185000    0.212763    0.00185000    1.944284
    0.00185000    0.212766    0.00185000    1.944291
    0.00185000    0.212618    0.00185000    1.941948
    0.00186000    0.214053    0.00186000    1.948877
    0.00187000    0.214711    0.00187000    1.958798
    0.00187000    0.214234    0.00187000    1.955577
    0.00187000    0.214214    0.00187000    1.950003
    0.00187000    0.214112    0.00187000    1.949804
    0.00187000    0.214078    0.00187000    1.949606
    0.00187000    0.214037    0.00187000    1.949313
    0.00187000    0.213616    0.00187000    1.948000
    0.00187000    0.213587    0.00187000    1.947805
    0.00187000    0.213562    0.00187000    1.947469
    0.00187000    0.213328    0.00187000    1.947469
    0.00187000    0.213291    0.00187000    1.946822
    0.00188000    0.214605    0.00188000    1.959560
    0.00189000    0.215487    0.00189000    1.968429
    0.00189000    0.215276    0.00189000    1.966207
    0.00189000    0.215059    0.00189000    1.965136
    0.00189000    0.214982    0.00189000    1.964266
    0.00189000    0.214963    0.00189000    1.963999
    0.00189000    0.214825    0.00189000    1.963749
    0.00189000    0.214790    0.00189000    1.963208
    0.00189000    0.214769    0.00189000    1.962986
    0.00189000    0.214738    0.00189000    1.962677
    0.00189000    0.214703    0.00189000    1.962400
    0.00190000    0.215825    0.00190000    1.974167
    0.00191000    0.216575    0.00191000    1.982357
    0.00191000    0.216833    0.00191000    1.983172
    0.00191000    0.215992    0.00191000    1.978140
    0.00191000    0.215706    0.00191000    1.977341
    0.00191000    0.215699    0.00191000    1.976681
    0.00191000    0.215009    0.00191000    1.972994
    0.00191000    0.214995    0.00191000    1.972907
    0.00191000    0.214984    0.00191000    1.972834
    0.00191000    0.214972    0.00191000    1.972655
    0.00191000    0.214969    0.00191000    1.972591
    0.00191000    0.214966    0.00191000    1.972547
    0.00191000    0.214954    0.00191000    1.972407
    0.00191000    0.214931    0.00191000    1.971724
    0.00192000    0.216159    0.00192000    1.983472
    0.00193000    0.216933    0.00193000    1.991702
    0.00193000    0.216505    0.00193000    1.988949
    0.00193000    0.216068    0.00193000    1.986554
    0.00193000    0.216048    0.00193000    1.986223
    0.00193000    0.215476    0.00193000    1.983664
    0.00193000    0.215438    0.00193000    1.983399
    0.00193000    0.215419    0.00193000    1.983265
    0.00193000    0.215362    0.00193000    1.982867
    0.00193000    0.215340    0.00193000    1.982945
    0.00193000    0.214702    0.00193000    1.974649
    0.00194000    0.215908    0.00194000    1.986834
    0.00195000    0.216624    0.00195000    1.995395
    0.00195000    0.216365    0.00195000    1.993939
    0.00195000    0.216273    0.00195000    1.990777
    0.00195000    0.215771    0.00195000    1.990282
    0.00195000    0.215698    0.00195000    1.990034
    0.00195000    0.215732    0.00195000    1.989631
    0.00195000    0.215685    0.00195000    1.989255
    0.00195000    0.215655    0.00195000    1.989111
    0.00195000    0.215612    0.00195000    1.988499
    0.00195000    0.215167    0.00195000    1.985892
    0.00196000    0.216308    0.00196000    1.997431
    0.00197000    0.216995    0.00197000    2.005766
    0.00197000    0.216758    0.00197000    2.004995
    0.00197000    0.216666    0.00197000    2.002562
    0.00197000    0.216256    0.00197000    2.001682
    0.00197000    0.216214    0.00197000    2.001323
    0.00197000    0.216170    0.00197000    2.000941
    0.00197000    0.216147    0.00197000    2.000755
    0.00197000    0.215707    0.00197000    1.998903
    0.00197000    0.215686    0.00197000    1.998725
    0.00197000    0.215430    0.00197000    1.996127
    0.00197000    0.215415    0.00197000    1.996027
    0.00197000    0.215418    0.00197000    1.995951
    0.00197000    0.215344    0.00197000    1.995610
    0.00197000    0.215311    0.00197000    1.995229
    0.00197000    0.215309    0.00197000    1.995166
    0.00198000    0.216435    0.00198000    2.007075
    0.00199000    0.217073    0.00199000    2.015849
    0.00199000    0.216815    0.00199000    2.014516
    0.00199000    0.216374    0.00199000    2.012770
    0.00199000    0.216204    0.00199000    2.011437
    0.00199000    0.216148    0.00199000    2.010849
    0.00199000    0.216124    0.00199000    2.010593
    0.00199000    0.216121    0.00199000    2.010519
    0.00199000    0.215583    0.00199000    2.007244
    0.00200000    0.216683    0.00200000    2.019493
    0.00201000    0.217228    0.00201000    2.028438
    0.00201000    0.216999    0.00201000    2.024940
    0.00201000    0.216498    0.00201000    2.025016
    0.00201000    0.216178    0.00201000    2.023284
    0.00201000    0.216171    0.00201000    2.023316
    0.00201000    0.215696    0.00201000    2.019771
    0.00201000    0.215693    0.00201000    2.019759
    0.00201000    0.215691    0.00201000    2.019741
    0.00201000    0.215691    0.00201000    2.019724
    0.00201000    0.215690    0.00201000    2.019719
    0.00201000    0.215690    0.00201000    2.019710
    0.00201000    0.215694    0.00201000    2.019755
    0.00201000    0.215490    0.00201000    2.017552
    0.00202000    0.216692    0.00202000    2.031037
    0.00203000    0.217256    0.00203000    2.040493
    0.00203000    0.216923    0.00203000    2.038418
    0.00203000    0.216807    0.00203000    2.036673
    0.00203000    0.216424    0.00203000    2.035846
    0.00203000    0.216355    0.00203000    2.035184
    0.00203000    0.216281    0.00203000    2.035025
    0.00203000    0.216274    0.00203000    2.034962
    0.00203000    0.216210    0.00203000    2.034869
    0.00203000    0.216187    0.00203000    2.034559
    0.00203000    0.216103    0.00203000    2.034431
    0.00203000    0.216056    0.00203000    2.034047
    0.00203000    0.216057    0.00203000    2.034065
    0.00203000    0.215816    0.00203000    2.032074
    0.00204000    0.216924    0.00204000    2.045223
    0.00205000    0.217422    0.00205000    2.054449
    0.00205000    0.217159    0.00205000    2.051043
    0.00205000    0.216989    0.00205000    2.050862
    0.00205000    0.216772    0.00205000    2.049143
    0.00205000    0.216451    0.00205000    2.048610
    0.00205000    0.216408    0.00205000    2.048198
    0.00205000    0.216320    0.00205000    2.047995
    0.00205000    0.216257    0.00205000    2.047966
    0.00205000    0.216025    0.00205000    2.046364
    0.00205000    0.216044    0.00205000    2.046395
    0.00205000    0.215933    0.00205000    2.046249
    0.00205000    0.215932    0.00205000    2.046242
    0.00205000    0.215931    0.00205000    2.046235
    0.00205000    0.215931    0.00205000    2.046229
    0.00205000    0.215930    0.00205000    2.046223
    0.00205000    0.215928    0.00205000    2.046222
    0.00205000    0.215877    0.00205000    2.045687
    0.00206000    0.216959    0.00206000    2.058685
    0.00207000    0.217305    0.00207000    2.067850
    0.00207000    0.217023    0.00207000    2.063994
    0.00207000    0.216948    0.00207000    2.063593
    0.00207000    0.206741    0.00207000    1.790445
    0.00207000    0.207541    0.00207000    1.934056
    0.00207000    0.207467    0.00207000    1.934420
    0.00208000    0.208840    0.00208000    1.947935
    0.00209000    0.209680    0.00209000    1.958024
    0.00209000    0.209405    0.00209000    1.957129
    0.00209000    0.209337    0.00209000    1.954306
    0.00209000    0.208956    0.00209000    1.953838
    0.00209000    0.208930    0.00209000    1.953724
    0.00209000    0.208886    0.00209000    1.953389
    0.00209000    0.208868    0.00209000    1.953346
    0.00209000    0.208814    0.00209000    1.953149
    0.00209000    0.208742    0.00209000    1.953175
    0.00209000    0.208685    0.00209000    1.952607
    0.00209000    0.208688    0.00209000    1.952606
    0.00209000    0.208621    0.00209000    1.952491
    0.00210000    0.209963    0.00210000    1.966085
    0.00211000    0.210830    0.00211000    1.976109
    0.00211000    0.210414    0.00211000    1.975275
    0.00211000    0.210491    0.00211000    1.972899
    0.00211000    0.210142    0.00211000    1.972071
    0.00211000    0.210118    0.00211000    1.971924
    0.00211000    0.210079    0.00211000    1.971666
    0.00211000    0.210078    0.00211000    1.971586
    0.00211000    0.210052    0.00211000    1.971500
    0.00211000    0.210058    0.00211000    1.971440
    0.00211000    0.209919    0.00211000    1.970847
    0.00211000    0.209877    0.00211000    1.970831
    0.00211000    0.209827    0.00211000    1.970822
    0.00211000    0.209814    0.00211000    1.970761
    0.00211000    0.209816    0.00211000    1.970743
    0.00211000    0.209827    0.00211000    1.970737
    0.00211000    0.209787    0.00211000    1.970687
    0.00212000    0.211148    0.00212000    1.984208
    0.00213000    0.212008    0.00213000    1.994172
    0.00213000    0.211601    0.00213000    1.991537
    0.00213000    0.211725    0.00213000    1.991466
    0.00213000    0.211021    0.00213000    1.989222
    0.00213000    0.211017    0.00213000    1.989169
    0.00213000    0.211015    0.00213000    1.989082
    0.00213000    0.210984    0.00213000    1.988796
    0.00213000    0.210963    0.00213000    1.988701
    0.00214000    0.212316    0.00214000    2.002164
    0.00215000    0.213174    0.00215000    2.012090
    0.00215000    0.212725    0.00215000    2.009147
    0.00215000    0.212886    0.00215000    2.008368
    0.00215000    0.212344    0.00215000    2.007968
    0.00215000    0.212324    0.00215000    2.007341
    0.00215000    0.212282    0.00215000    2.007246
    0.00215000    0.212197    0.00215000    2.006951
    0.00215000    0.212187    0.00215000    2.006921
    0.00215000    0.212173    0.00215000    2.006803
    0.00215000    0.212166    0.00215000    2.006767
    0.00215000    0.212165    0.00215000    2.006759
    0.00215000    0.212166    0.00215000    2.006769
    0.00215000    0.212130    0.00215000    2.006351
    0.00216000    0.213494    0.00216000    2.019903
    0.00217000    0.214372    0.00217000    2.029798
    0.00217000    0.214267    0.00217000    2.027065
    0.00217000    0.213944    0.00217000    2.026845
    0.00217000    0.213640    0.00217000    2.025468
    0.00217000    0.213587    0.00217000    2.025017
    0.00217000    0.213600    0.00217000    2.025015
    0.00217000    0.213426    0.00217000    2.024577
    0.00217000    0.213410    0.00217000    2.024496
    0.00217000    0.213412    0.00217000    2.024485
    0.00217000    0.213409    0.00217000    2.024480
    0.00217000    0.213409    0.00217000    2.024479
    0.00217000    0.213405    0.00217000    2.024361
    0.00218000    0.214733    0.00218000    2.037745
    0.00219000    0.215576    0.00219000    2.047543
    0.00219000    0.215321    0.00219000    2.046313
    0.00219000    0.215134    0.00219000    2.043607
    0.00219000    0.214993    0.00219000    2.043237
    0.00219000    0.214987    0.00219000    2.042688
    0.00219000    0.214874    0.00219000    2.042641
    0.00219000    0.214874    0.00219000    2.042646
    0.00219000    0.214675    0.00219000    2.041886
    0.00220000    0.215926    0.00220000    2.055301
    0.00221000    0.216693    0.00221000    2.065034
    0.00221000    0.216279    0.00221000    2.061393
    0.00221000    0.216140    0.00221000    2.060588
    0.00221000    0.215707    0.00221000    2.059913
    0.00221000    0.215693    0.00221000    2.059844
    0.00221000    0.215689    0.00221000    2.059794
    0.00221000    0.215692    0.00221000    2.059706
    0.00221000    0.215670    0.00221000    2.059537
    0.00221000    0.215657    0.00221000    2.059504
    0.00221000    0.215647    0.00221000    2.059433
    0.00221000    0.215645    0.00221000    2.059429
    0.00221000    0.215634    0.00221000    2.059361
    0.00221000    0.215607    0.00221000    2.059146
    0.00222000    0.216757    0.00222000    2.072490
    0.00223000    0.217312    0.00223000    2.082071
    0.00223000    0.217038    0.00223000    2.080251
    0.00223000    0.216805    0.00223000    2.077305
    0.00223000    0.216341    0.00223000    2.077076
    0.00223000    0.216321    0.00223000    2.076963
    0.00223000    0.216318    0.00223000    2.076937
    0.00223000    0.216291    0.00223000    2.076803
    0.00223000    0.215761    0.00223000    2.076485
    0.00223000    0.215754    0.00223000    2.076198
    0.00223000    0.215730    0.00223000    2.076102
    0.00223000    0.215729    0.00223000    2.076080
    0.00223000    0.215728    0.00223000    2.076079
    0.00223000    0.215729    0.00223000    2.076081
    0.00223000    0.215720    0.00223000    2.076010
    0.00224000    0.216753    0.00224000    2.089281
    0.00225000    0.217193    0.00225000    2.098809
    0.00225000    0.216967    0.00225000    2.096014
    0.00225000    0.216521    0.00225000    2.095476
    0.00225000    0.216366    0.00225000    2.094445
    0.00225000    0.216342    0.00225000    2.094132
    0.00225000    0.216208    0.00225000    2.093677
    0.00225000    0.213896    0.00225000    2.092918
    0.00225000    0.213821    0.00225000    2.092898
    0.00225000    0.213781    0.00225000    2.092845
    0.00225000    0.213776    0.00225000    2.092840
    0.00225000    0.213769    0.00225000    2.092833
    0.00225000    0.213764    0.00225000    2.092829
    0.00225000    0.213755    0.00225000    2.092826
    0.00225000    0.213618    0.00225000    2.092462
    0.00225000    0.207737    0.00225000    2.092158
    0.00225000    0.173172    0.00225000    2.082844
    0.00225000    0.170722    0.00225000    2.079339
    0.00225000    0.157249    0.00225000    2.077455
    0.00226000    0.158019    0.00226000    2.090719
    0.00227000    0.158398    0.00227000    2.100940
    0.00227000    0.142570    0.00227000    2.045219
    0.00227000    0.142769    0.00227000    2.054833
    0.00227000    0.142787    0.00227000    2.054703
    0.00227000    0.142210    0.00227000    2.054531
    0.00227000    0.142215    0.00227000    2.054446
    0.00227000    0.142184    0.00227000    2.054030
    0.00227000    0.142176    0.00227000    2.053982
    0.00227000    0.142177    0.00227000    2.053970
    0.00227000    0.142183    0.00227000    2.053812
    0.00228000    0.143444    0.00228000    2.067173
    0.00229000    0.144196    0.00229000    2.076907
    0.00229000    0.144234    0.00229000    2.075483
    0.00229000    0.143551    0.00229000    2.073660
    0.00229000    0.143484    0.00229000    2.071958
    0.00229000    0.143461    0.00229000    2.071818
    0.00229000    0.143443    0.00229000    2.071517
    0.00229000    0.143430    0.00229000    2.071386
    0.00229000    0.143421    0.00229000    2.071266
    0.00229000    0.143410    0.00229000    2.071161
    0.00229000    0.143397    0.00229000    2.071040
    0.00229000    0.143394    0.00229000    2.071031
    0.00229000    0.143390    0.00229000    2.070933
    0.00230000    0.144633    0.00230000    2.084028
    0.00231000    0.145406    0.00231000    2.093677
    0.00231000    0.145099    0.00231000    2.093142
    0.00231000    0.144724    0.00231000    2.089554
    0.00231000    0.144690    0.00231000    2.089254
    0.00231000    0.144545    0.00231000    2.089186
    0.00231000    0.144601    0.00231000    2.088514
    0.00231000    0.144599    0.00231000    2.088475
    0.00231000    0.144597    0.00231000    2.088440
    0.00231000    0.144594    0.00231000    2.088372
    0.00231000    0.144584    0.00231000    2.088200
    0.00231000    0.144582    0.00231000    2.088132
    0.00231000    0.144572    0.00231000    2.087989
    0.00231000    0.144572    0.00231000    2.087984
    0.00231000    0.144571    0.00231000    2.087975
    0.00232000    0.145811    0.00232000    2.100967
    0.00233000    0.146582    0.00233000    2.110531
    0.00233000    0.146337    0.00233000    2.107280
    0.00233000    0.145934    0.00233000    2.106417
    0.00233000    0.145823    0.00233000    2.106298
    0.00233000    0.145748    0.00233000    2.104834
    0.00233000    0.145743    0.00233000    2.104734
    0.00233000    0.145737    0.00233000    2.104707
    0.00233000    0.145707    0.00233000    2.104162
    0.00233000    0.145699    0.00233000    2.104158
    0.00233000    0.145691    0.00233000    2.103995
    0.00233000    0.145690    0.00233000    2.103995
    0.00234000    0.146900    0.00234000    2.117066
    0.00235000    0.147574    0.00235000    2.126578
    0.00235000    0.147431    0.00235000    2.125211
    0.00235000    0.146698    0.00235000    2.123220
    0.00235000    0.146600    0.00235000    2.120623
    0.00236000    0.147590    0.00236000    2.133346
    0.00237000    0.148069    0.00237000    2.142602
    0.00237000    0.147641    0.00237000    2.138894
    0.00237000    0.147302    0.00237000    2.138154
    0.00237000    0.147268    0.00237000    2.137516
    0.00237000    0.146603    0.00237000    2.131222
    0.00237000    0.146460    0.00237000    2.131361
    0.00237000    0.145797    0.00237000    2.129338
    0.00237000    0.130143    0.00237000    2.099081
    0.00237000    0.132416    0.00237000    2.087969
    0.00238000    0.133649    0.00238000    2.101183
    0.00239000    0.134400    0.00239000    2.110974
    0.00239000    0.134029    0.00239000    2.108326
    0.00239000    0.133504    0.00239000    2.108157
    0.00239000    0.133496    0.00239000    2.105868
    0.00239000    0.133494    0.00239000    2.105788
    0.00239000    0.133483    0.00239000    2.105715
    0.00239000    0.133464    0.00239000    2.105648
    0.00239000    0.133471    0.00239000    2.105502
    0.00239000    0.133472    0.00239000    2.105469
    0.00239000    0.133468    0.00239000    2.105587
    0.00239000    0.133443    0.00239000    2.105186
    0.00239000    0.133463    0.00239000    2.104919
    0.00240000    0.134672    0.00240000    2.118170
    0.00241000    0.135426    0.00241000    2.127946
    0.00241000    0.135116    0.00241000    2.125095
    0.00241000    0.134891    0.00241000    2.123827
    0.00241000    0.134532    0.00241000    2.123092
    0.00241000    0.134402    0.00241000    2.122317
    0.00241000    0.134411    0.00241000    2.122262
    0.00241000    0.134389    0.00241000    2.122242
    0.00241000    0.134371    0.00241000    2.122232
    0.00241000    0.134364    0.00241000    2.122181
    0.00241000    0.134351    0.00241000    2.122183
    0.00241000    0.134337    0.00241000    2.121974
    0.00241000    0.134212    0.00241000    2.121941
    0.00241000    0.134212    0.00241000    2.121898
    0.00241000    0.134211    0.00241000    2.121892
    0.00241000    0.134212    0.00241000    2.121903
    0.00241000    0.134184    0.00241000    2.121608
    0.00242000    0.135277    0.00242000    2.134903
    0.00243000    0.135929    0.00243000    2.144592
    0.00243000    0.135622    0.00243000    2.143680
    0.00243000    0.135258    0.00243000    2.140245
    0.00243000    0.135203    0.00243000    2.139922
    0.00243000    0.135196    0.00243000    2.139459
    0.00243000    0.134941    0.00243000    2.139236
    0.00243000    0.134915    0.00243000    2.139192
    0.00243000    0.134914    0.00243000    2.139222
    0.00243000    0.134848    0.00243000    2.138745
    0.00243000    0.134838    0.00243000    2.138730
    0.00243000    0.134811    0.00243000    2.138709
    0.00243000    0.134811    0.00243000    2.138702
    0.00243000    0.134812    0.00243000    2.138700
    0.00243000    0.134486    0.00243000    2.138643
    0.00243000    0.134486    0.00243000    2.138639
    0.00243000    0.134486    0.00243000    2.138639
    0.00243000    0.134486    0.00243000    2.138639
    0.00243000    0.134486    0.00243000    2.138639
    0.00243000    0.134486    0.00243000    2.138639
    0.00243000    0.134486    0.00243000    2.138639
    0.00243000    0.134486    0.00243000    2.138639
    0.00243000    0.134486    0.00243000    2.138639
    0.00243000    0.134486    0.00243000    2.138639
    0.00243000    0.134486    0.00243000    2.138639
    0.00243000    0.134486    0.00243000    2.138639
    0.00243000    0.134486    0.00243000    2.138639
    0.00243000    0.134485    0.00243000    2.138417
    0.00244000    0.135509    0.00244000    2.151626
    0.00245000    0.135979    0.00245000    2.161347
    0.00245000    0.135759    0.00245000    2.157791
    0.00245000    0.135778    0.00245000    2.157599
    0.00245000    0.133649    0.00245000    2.155638
    0.00245000    0.133636    0.00245000    2.155566
    0.00245000    0.133611    0.00245000    2.155503
    0.00245000    0.133628    0.00245000    2.155232
    0.00245000    0.133589    0.00245000    2.155152
    0.00245000    0.133588    0.00245000    2.155141
    0.00245000    0.133587    0.00245000    2.155140
    0.00245000    0.133579    0.00245000    2.155035
    0.00245000    0.133560    0.00245000    2.154925
    0.00245000    0.133560    0.00245000    2.154922
    0.00246000    0.134536    0.00246000    2.168010
    0.00247000    0.134983    0.00247000    2.177791
    0.00247000    0.134719    0.00247000    2.174235
    0.00247000    0.134562    0.00247000    2.174138
    0.00247000    0.133985    0.00247000    2.172379
    0.00247000    0.133984    0.00247000    2.172213
    0.00247000    0.133800    0.00247000    2.171716
    0.00247000    0.133789    0.00247000    2.171643
    0.00247000    0.133798    0.00247000    2.171726
    0.00247000    0.132594    0.00247000    2.171124
    0.00247000    0.132594    0.00247000    2.171066
    0.00247000    0.132590    0.00247000    2.171066
    0.00247000    0.132568    0.00247000    2.171057
    0.00248000    0.133515    0.00248000    2.184142
    0.00249000    0.133908    0.00249000    2.193844
    0.00249000    0.133787    0.00249000    2.190586
    0.00249000    0.133484    0.00249000    2.189528
    0.00249000    0.133096    0.00249000    2.188647
    0.00249000    0.133066    0.00249000    2.188244
    0.00249000    0.133020    0.00249000    2.188150
    0.00249000    0.132938    0.00249000    2.187815
    0.00249000    0.132898    0.00249000    2.187752
    0.00249000    0.132879    0.00249000    2.187705
    0.00249000    0.132876    0.00249000    2.187689
    0.00249000    0.132857    0.00249000    2.187625
    0.00249000    0.132815    0.00249000    2.187465
    0.00249000    0.132766    0.00249000    2.187451
    0.00250000    0.133398    0.00250000    2.200374
    0.00251000    0.133637    0.00251000    2.209904
    0.00251000    0.133528    0.00251000    2.208231
    0.00251000    0.132205    0.00251000    2.204258
    0.00251000    0.132174    0.00251000    2.204170
    0.00251000    0.132139    0.00251000    2.204026
    0.00251000    0.132092    0.00251000    2.203960
    0.00251000    0.132067    0.00251000    2.203786
    0.00251000    0.132045    0.00251000    2.203642
    0.00251000    0.131813    0.00251000    2.203553
    0.00251000    0.131792    0.00251000    2.203476
    0.00251000    0.131785    0.00251000    2.203467
    0.00251000    0.131772    0.00251000    2.203463
    0.00251000    0.131771    0.00251000    2.203411
    0.00251000    0.130615    0.00251000    2.203098
    0.00251000    0.130604    0.00251000    2.203086
    0.00251000    0.130598    0.00251000    2.203082
    0.00251000    0.130592    0.00251000    2.203079
    0.00251000    0.130575    0.00251000    2.202987
    0.00251000    0.130584    0.00251000    2.203061
    0.00251000    0.130566    0.00251000    2.203056
    0.00251000    0.130584    0.00251000    2.203060
    0.00251000    0.130453    0.00251000    2.203026
    0.00252000    0.131439    0.00252000    2.216115
    0.00253000    0.131838    0.00253000    2.225789
    0.00253000    0.131670    0.00253000    2.221738
    0.00253000    0.131239    0.00253000    2.220976
    0.00253000    0.131002    0.00253000    2.220277
    0.00253000    0.130947    0.00253000    2.219808
    0.00253000    0.130915    0.00253000    2.219701
    0.00253000    0.130899    0.00253000    2.219562
    0.00253000    0.130869    0.00253000    2.219464
    0.00253000    0.130828    0.00253000    2.219439
    0.00253000    0.130807    0.00253000    2.219431
    0.00253000    0.130806    0.00253000    2.219432
    0.00253000    0.130759    0.00253000    2.219218
    0.00253000    0.130749    0.00253000    2.219181
    0.00253000    0.130737    0.00253000    2.219177
    0.00254000    0.131372    0.00254000    2.231951
    0.00255000    0.131592    0.00255000    2.241253
    0.00255000    0.131511    0.00255000    2.237739
    0.00255000    0.131154    0.00255000    2.236997
    0.00255000    0.131114    0.00255000    2.236398
    0.00255000    0.130486    0.00255000    2.235392
    0.00255000    0.130480    0.00255000    2.235349
    0.00255000    0.130444    0.00255000    2.235305
    0.00255000    0.130396    0.00255000    2.235259
    0.00255000    0.130373    0.00255000    2.235192
    0.00255000    0.130382    0.00255000    2.235162
    0.00255000    0.128393    0.00255000    2.234336
    0.00255000    0.128382    0.00255000    2.234328
    0.00255000    0.128383    0.00255000    2.234319
    0.00255000    0.128351    0.00255000    2.234291
    0.00255000    0.128333    0.00255000    2.234231
    0.00256000    0.129309    0.00256000    2.247211
    0.00257000    0.129515    0.00257000    2.256585
    0.00257000    0.129350    0.00257000    2.250985
    0.00257000    0.129418    0.00257000    2.251430
    0.00257000    0.121511    0.00257000    2.203474
    0.00257000    0.120461    0.00257000    2.175456
    0.00258000    0.121610    0.00258000    2.188339
    0.00258000    0.121189    0.00258000    2.184868
    0.00258000    0.121143    0.00258000    2.184334
    0.00258000    0.121112    0.00258000    2.184050
    0.00258000    0.120941    0.00258000    2.183585
    0.00258000    0.120924    0.00258000    2.183505
    0.00258000    0.120919    0.00258000    2.183487
    0.00258000    0.120894    0.00258000    2.183356
    0.00259000    0.122005    0.00259000    2.196233
    0.00260000    0.123124    0.00260000    2.205827
    0.00260000    0.121929    0.00260000    2.201630
    0.00260000    0.121740    0.00260000    2.200061
    0.00260000    0.121758    0.00260000    2.199600
    0.00260000    0.121679    0.00260000    2.199298
    0.00260000    0.121676    0.00260000    2.199249
    0.00260000    0.121639    0.00260000    2.199152
    0.00260000    0.121639    0.00260000    2.199087
    0.00260000    0.121615    0.00260000    2.198930
    0.00260000    0.121610    0.00260000    2.198891
    0.00260000    0.121608    0.00260000    2.198840
    0.00260000    0.121603    0.00260000    2.198857
    0.00260000    0.121602    0.00260000    2.198739
    0.00260000    0.121567    0.00260000    2.198513
    0.00261000    0.122694    0.00261000    2.211524
    0.00262000    0.123666    0.00262000    2.220947
    0.00262000    0.123026    0.00262000    2.217022
    0.00262000    0.122512    0.00262000    2.215385
    0.00262000    0.122494    0.00262000    2.215052
    0.00262000    0.122427    0.00262000    2.214758
    0.00262000    0.122420    0.00262000    2.214729
    0.00262000    0.122429    0.00262000    2.214722
    0.00262000    0.122391    0.00262000    2.214480
    0.00262000    0.122379    0.00262000    2.214434
    0.00262000    0.122387    0.00262000    2.214386
    0.00262000    0.122386    0.00262000    2.214385
    0.00262000    0.122386    0.00262000    2.214384
    0.00262000    0.122376    0.00262000    2.214345
    0.00262000    0.122376    0.00262000    2.214344
    0.00262000    0.122376    0.00262000    2.214344
    0.00263000    0.123500    0.00263000    2.227240
    0.00264000    0.124085    0.00264000    2.236083
    0.00264000    0.123831    0.00264000    2.233426
    0.00264000    0.123357    0.00264000    2.231322
    0.00264000    0.123316    0.00264000    2.231134
    0.00264000    0.123248    0.00264000    2.230960
    0.00264000    0.123228    0.00264000    2.230614
    0.00264000    0.123225    0.00264000    2.230581
    0.00264000    0.123223    0.00264000    2.230362
    0.00264000    0.123223    0.00264000    2.230406
    0.00264000    0.123218    0.00264000    2.230129
    0.00264000    0.123216    0.00264000    2.230114
    0.00264000    0.123212    0.00264000    2.230085
    0.00264000    0.123222    0.00264000    2.230078
    0.00264000    0.123150    0.00264000    2.229663
    0.00264000    0.123157    0.00264000    2.229711
    0.00264000    0.123140    0.00264000    2.229465
    0.00265000    0.124275    0.00265000    2.242346
    0.00266000    0.125173    0.00266000    2.251566
    0.00266000    0.124490    0.00266000    2.247927
    0.00266000    0.124000    0.00266000    2.244680
    0.00266000    0.123954    0.00266000    2.244614
    0.00266000    0.123945    0.00266000    2.244580
    0.00266000    0.123925    0.00266000    2.244442
    0.00266000    0.123926    0.00266000    2.244430
    0.00266000    0.123913    0.00266000    2.244422
    0.00266000    0.123911    0.00266000    2.244442
    0.00266000    0.123911    0.00266000    2.244453
    0.00266000    0.123896    0.00266000    2.244328
    0.00267000    0.125020    0.00267000    2.257109
    0.00268000    0.125593    0.00268000    2.266321
    0.00268000    0.125151    0.00268000    2.261595
    0.00268000    0.125024    0.00268000    2.260774
    0.00268000    0.124672    0.00268000    2.260375
    0.00268000    0.124636    0.00268000    2.259883
    0.00268000    0.124618    0.00268000    2.259826
    0.00268000    0.124605    0.00268000    2.259621
    0.00268000    0.124593    0.00268000    2.259393
    0.00268000    0.124591    0.00268000    2.259377
    0.00268000    0.124584    0.00268000    2.259311
    0.00268000    0.124581    0.00268000    2.259228
    0.00268000    0.124576    0.00268000    2.259151
    0.00268000    0.124484    0.00268000    2.258095
    0.00268000    0.122803    0.00268000    2.235226
    0.00268000    0.123155    0.00268000    2.234596
    0.00269000    0.124194    0.00269000    2.247619
    0.00270000    0.124828    0.00270000    2.256956
    0.00270000    0.124405    0.00270000    2.253449
    0.00270000    0.123868    0.00270000    2.252674
    0.00270000    0.123773    0.00270000    2.250859
    0.00270000    0.123752    0.00270000    2.250810
    0.00270000    0.123719    0.00270000    2.250667
    0.00270000    0.123713    0.00270000    2.250655
    0.00270000    0.123745    0.00270000    2.250403
    0.00270000    0.123739    0.00270000    2.250287
    0.00271000    0.124815    0.00271000    2.263203
    0.00272000    0.125263    0.00272000    2.272386
    0.00272000    0.125738    0.00272000    2.270512
    0.00272000    0.124051    0.00272000    2.266511
    0.00272000    0.124032    0.00272000    2.266269
    0.00272000    0.124032    0.00272000    2.266138
    0.00272000    0.124034    0.00272000    2.265931
    0.00272000    0.124025    0.00272000    2.265925
    0.00272000    0.124010    0.00272000    2.265867
    0.00272000    0.124000    0.00272000    2.265788
    0.00273000    0.124973    0.00273000    2.278506
    0.00274000    0.125527    0.00274000    2.287500
    0.00274000    0.124690    0.00274000    2.282794
    0.00274000    0.124595    0.00274000    2.281844
    0.00274000    0.124444    0.00274000    2.281568
    0.00274000    0.124022    0.00274000    2.281257
    0.00274000    0.123976    0.00274000    2.281096
    0.00274000    0.123954    0.00274000    2.281024
    0.00274000    0.123916    0.00274000    2.280785
    0.00274000    0.123896    0.00274000    2.280714
    0.00274000    0.123545    0.00274000    2.280528
    0.00275000    0.124462    0.00275000    2.293082
    0.00276000    0.124600    0.00276000    2.302266
    0.00276000    0.124137    0.00276000    2.296534
    0.00276000    0.124059    0.00276000    2.296040
    0.00276000    0.123911    0.00276000    2.295773
    0.00276000    0.123865    0.00276000    2.295400
    0.00276000    0.123388    0.00276000    2.295175
    0.00276000    0.123382    0.00276000    2.295074
    0.00276000    0.123382    0.00276000    2.295064
    0.00276000    0.123375    0.00276000    2.295056
    0.00276000    0.123414    0.00276000    2.295073
    0.00276000    0.122590    0.00276000    2.294459
    0.00277000    0.123579    0.00277000    2.307106
    0.00278000    0.123718    0.00278000    2.317075
    0.00278000    0.123400    0.00278000    2.310870
    0.00278000    0.122969    0.00278000    2.310073
    0.00278000    0.122875    0.00278000    2.308921
    0.00278000    0.122666    0.00278000    2.308614
    0.00278000    0.122609    0.00278000    2.308594
    0.00278000    0.122603    0.00278000    2.308587
    0.00278000    0.122595    0.00278000    2.308581
    0.00279000    0.123420    0.00279000    2.320956
    0.00280000    0.123489    0.00280000    2.331463
    0.00280000    0.122806    0.00280000    2.323869
    0.00280000    0.119908    0.00280000    2.287726
    0.00280000    0.120252    0.00280000    2.271387
    0.00281000    0.121125    0.00281000    2.283924
    0.00281000    0.120829    0.00281000    2.281500
    0.00281000    0.120428    0.00281000    2.279382
    0.00281000    0.120403    0.00281000    2.279261
    0.00281000    0.120299    0.00281000    2.279183
    0.00281000    0.120314    0.00281000    2.278810
    0.00281000    0.120316    0.00281000    2.278798
    0.00281000    0.120310    0.00281000    2.278755
    0.00281000    0.120308    0.00281000    2.278682
    0.00282000    0.121351    0.00282000    2.291410
    0.00283000    0.122047    0.00283000    2.300761
    0.00283000    0.121188    0.00283000    2.298009
    0.00283000    0.121110    0.00283000    2.294665
    0.00283000    0.120922    0.00283000    2.294198
    0.00283000    0.120908    0.00283000    2.294085
    0.00283000    0.120907    0.00283000    2.293960
    0.00284000    0.121880    0.00284000    2.306826
    0.00285000    0.122601    0.00285000    2.315987
    0.00285000    0.122825    0.00285000    2.314152
    0.00285000    0.121499    0.00285000    2.310031
    0.00285000    0.121486    0.00285000    2.309950
    0.00285000    0.121520    0.00285000    2.309583
    0.00285000    0.121417    0.00285000    2.309459
    0.00285000    0.121407    0.00285000    2.309370
    0.00285000    0.121410    0.00285000    2.309364
    0.00286000    0.122470    0.00286000    2.322071
    0.00287000    0.123143    0.00287000    2.331004
    0.00287000    0.122802    0.00287000    2.327694
    0.00287000    0.122281    0.00287000    2.326055
    0.00287000    0.122181    0.00287000    2.325567
    0.00287000    0.122200    0.00287000    2.325357
    0.00287000    0.122086    0.00287000    2.324998
    0.00287000    0.122104    0.00287000    2.324505
    0.00287000    0.122094    0.00287000    2.324408
    0.00288000    0.123171    0.00288000    2.336979
    0.00289000    0.123685    0.00289000    2.345798
    0.00289000    0.123707    0.00289000    2.345203
    0.00289000    0.122451    0.00289000    2.340075
    0.00289000    0.122456    0.00289000    2.339593
    0.00289000    0.122425    0.00289000    2.339513
    0.00289000    0.122407    0.00289000    2.339287
    0.00289000    0.122401    0.00289000    2.339180
    0.00289000    0.122397    0.00289000    2.339123
    0.00289000    0.122398    0.00289000    2.339095
    0.00290000    0.123364    0.00290000    2.351591
    0.00291000    0.124056    0.00291000    2.360581
    0.00291000    0.123442    0.00291000    2.355961
    0.00291000    0.123058    0.00291000    2.355207
    0.00291000    0.122966    0.00291000    2.354808
    0.00291000    0.122799    0.00291000    2.354285
    0.00291000    0.122618    0.00291000    2.354187
    0.00291000    0.122621    0.00291000    2.354203
    0.00291000    0.122637    0.00291000    2.353835
    0.00291000    0.122473    0.00291000    2.353806
    0.00291000    0.122466    0.00291000    2.353796
    0.00291000    0.122457    0.00291000    2.353783
    0.00291000    0.122461    0.00291000    2.353761
    0.00291000    0.122453    0.00291000    2.353719
    0.00291000    0.122450    0.00291000    2.353707
    0.00291000    0.122446    0.00291000    2.353703
    0.00291000    0.122442    0.00291000    2.353701
    0.00291000    0.122433    0.00291000    2.353643
    0.00291000    0.122064    0.00291000    2.353386
    0.00291000    0.122064    0.00291000    2.353385
    0.00292000    0.123049    0.00292000    2.365896
    0.00293000    0.123594    0.00293000    2.374896
    0.00293000    0.123104    0.00293000    2.369847
    0.00293000    0.122357    0.00293000    2.368888
    0.00293000    0.122255    0.00293000    2.368448
    0.00293000    0.122261    0.00293000    2.368428
    0.00293000    0.121740    0.00293000    2.367835
    0.00293000    0.121746    0.00293000    2.367765
    0.00294000    0.122732    0.00294000    2.380234
    0.00295000    0.123331    0.00295000    2.389151
    0.00295000    0.122764    0.00295000    2.384349
    0.00295000    0.122390    0.00295000    2.382760
    0.00295000    0.121704    0.00295000    2.382295
    0.00295000    0.121707    0.00295000    2.382189
    0.00295000    0.121711    0.00295000    2.382137
    0.00295000    0.121721    0.00295000    2.382138
    0.00295000    0.121529    0.00295000    2.381992
    0.00296000    0.122478    0.00296000    2.394431
    0.00297000    0.122990    0.00297000    2.403168
    0.00297000    0.122341    0.00297000    2.398857
    0.00297000    0.121506    0.00297000    2.397293
    0.00297000    0.121476    0.00297000    2.396699
    0.00297000    0.121465    0.00297000    2.396619
    0.00297000    0.121461    0.00297000    2.396597
    0.00297000    0.121458    0.00297000    2.396472
    0.00297000    0.121450    0.00297000    2.396364
    0.00297000    0.121272    0.00297000    2.396230
    0.00297000    0.121268    0.00297000    2.396190
    0.00297000    0.121270    0.00297000    2.396154
    0.00297000    0.121271    0.00297000    2.396154
    0.00297000    0.121152    0.00297000    2.396083
    0.00298000    0.122113    0.00298000    2.408440
    0.00299000    0.122345    0.00299000    2.417226
    0.00299000    0.121969    0.00299000    2.412174
    0.00299000    0.121413    0.00299000    2.411058
    0.00299000    0.121447    0.00299000    2.410643
    0.00299000    0.120908    0.00299000    2.410120
    0.00299000    0.120900    0.00299000    2.409895
    0.00299000    0.120889    0.00299000    2.409891
    0.00299000    0.120875    0.00299000    2.409875
    0.00300000    0.121795    0.00300000    2.422182
    0.00301000    0.122120    0.00301000    2.430588
    0.00301000    0.121485    0.00301000    2.425670
    0.00301000    0.121196    0.00301000    2.424919
    0.00301000    0.121056    0.00301000    2.424332
    0.00301000    0.121020    0.00301000    2.424079
    0.00301000    0.121049    0.00301000    2.423992
    0.00301000    0.121010    0.00301000    2.423685
    0.00301000    0.120665    0.00301000    2.423527
    0.00302000    0.121525    0.00302000    2.435784
    0.00303000    0.121621    0.00303000    2.445022
    0.00303000    0.121276    0.00303000    2.439020
    0.00303000    0.120923    0.00303000    2.437438
    0.00303000    0.120794    0.00303000    2.437329
    0.00303000    0.120757    0.00303000    2.437232
    0.00303000    0.120724    0.00303000    2.437083
    0.00303000    0.120717    0.00303000    2.437073
    0.00303000    0.120715    0.00303000    2.437064
    0.00303000    0.120706    0.00303000    2.437050
    0.00303000    0.120702    0.00303000    2.437047
    0.00303000    0.120731    0.00303000    2.437044
    0.00303000    0.120708    0.00303000    2.437038
    0.00303000    0.120704    0.00303000    2.437037
    0.00303000    0.120702    0.00303000    2.437023
    0.00303000    0.120701    0.00303000    2.437022
    0.00303000    0.120352    0.00303000    2.436785
    0.00304000    0.121107    0.00304000    2.449045
    0.00305000    0.122931    0.00305000    2.460310
    0.00305000    0.104503    0.00305000    2.445539
    0.00305000    0.104562    0.00305000    2.444867
    0.00305000    0.104656    0.00305000    2.443862
    0.00305000    0.104297    0.00305000    2.443476
    0.00305000    0.104306    0.00305000    2.443303
    0.00305000    0.104309    0.00305000    2.443311
    0.00305000    0.104272    0.00305000    2.443305
    0.00305000    0.104279    0.00305000    2.443265
    0.00305000    0.104082    0.00305000    2.443435
    0.00305000    0.104084    0.00305000    2.443431
    0.00305000    0.104110    0.00305000    2.443410
    0.00305000    0.104106    0.00305000    2.443406
    0.00306000    0.105012    0.00306000    2.456124
    0.00307000    0.105246    0.00307000    2.464755
    0.00307000    0.104393    0.00307000    2.461676
    0.00307000    0.104176    0.00307000    2.458821
    0.00307000    0.104166    0.00307000    2.458474
    0.00307000    0.104135    0.00307000    2.458384
    0.00307000    0.104138    0.00307000    2.458333
    0.00307000    0.104120    0.00307000    2.458293
    0.00307000    0.104114    0.00307000    2.458271
    0.00307000    0.104114    0.00307000    2.458267
    0.00307000    0.104102    0.00307000    2.458239
    0.00307000    0.104094    0.00307000    2.458207
    0.00307000    0.104091    0.00307000    2.458208
    0.00307000    0.104089    0.00307000    2.458207
    0.00307000    0.104089    0.00307000    2.458201
    0.00307000    0.104064    0.00307000    2.458208
    0.00307000    0.104061    0.00307000    2.458169
    0.00307000    0.104064    0.00307000    2.458120
    0.00307000    0.104064    0.00307000    2.458138
    0.00307000    0.104064    0.00307000    2.457934
    0.00308000    0.104876    0.00308000    2.470445
    0.00309000    0.106188    0.00309000    2.481620
    0.00309000    0.104138    0.00309000    2.450947
    0.00309000    0.104149    0.00309000    2.450866
    0.00309000    0.104181    0.00309000    2.450884
    0.00309000    0.104183    0.00309000    2.450763
    0.00309000    0.104247    0.00309000    2.450268
    0.00309000    0.104243    0.00309000    2.450233
    0.00309000    0.104255    0.00309000    2.450137
    0.00309000    0.104263    0.00309000    2.450072
    0.00309000    0.104265    0.00309000    2.450053
    0.00309000    0.104266    0.00309000    2.450035
    0.00309000    0.104267    0.00309000    2.450024
    0.00309000    0.104267    0.00309000    2.450024
    0.00309000    0.104484    0.00309000    2.447888
    0.00309000    0.104486    0.00309000    2.447885
    0.00310000    0.105332    0.00310000    2.460658
    0.00311000    0.105636    0.00311000    2.470074
    0.00311000    0.104523    0.00311000    2.464676
    0.00311000    0.104352    0.00311000    2.463933
    0.00311000    0.104317    0.00311000    2.463353
    0.00311000    0.104296    0.00311000    2.463293
    0.00311000    0.104298    0.00311000    2.463302
    0.00311000    0.104168    0.00311000    2.463208
    0.00312000    0.104947    0.00312000    2.475870
    0.00313000    0.105021    0.00313000    2.484252
    0.00313000    0.103766    0.00313000    2.479072
    0.00313000    0.103760    0.00313000    2.478588
    0.00313000    0.103679    0.00313000    2.478206
    0.00313000    0.103660    0.00313000    2.478176
    0.00313000    0.103568    0.00313000    2.478136
    0.00313000    0.103561    0.00313000    2.478125
    0.00313000    0.103573    0.00313000    2.478045
    0.00313000    0.103568    0.00313000    2.478042
    0.00313000    0.103563    0.00313000    2.478028
    0.00313000    0.103561    0.00313000    2.478027
    0.00313000    0.103558    0.00313000    2.478025
    0.00313000    0.103558    0.00313000    2.478020
    0.00314000    0.104315    0.00314000    2.490231
    0.00315000    0.104319    0.00315000    2.499455
    0.00315000    0.103395    0.00315000    2.493054
    0.00315000    0.102922    0.00315000    2.492416
    0.00315000    0.102936    0.00315000    2.492367
    0.00315000    0.102918    0.00315000    2.492300
    0.00315000    0.102938    0.00315000    2.492244
    0.00315000    0.102909    0.00315000    2.492163
    0.00315000    0.102913    0.00315000    2.492197
    0.00315000    0.102889    0.00315000    2.491860
    0.00315000    0.102790    0.00315000    2.491706
    0.00316000    0.103593    0.00316000    2.503862
    0.00317000    0.103648    0.00317000    2.512955
    0.00317000    0.102678    0.00317000    2.506067
    0.00317000    0.102409    0.00317000    2.505789
    0.00317000    0.102376    0.00317000    2.505744
    0.00317000    0.102370    0.00317000    2.505751
    0.00317000    0.102367    0.00317000    2.505742
    0.00317000    0.102360    0.00317000    2.505737
    0.00317000    0.102381    0.00317000    2.505679
    0.00317000    0.102304    0.00317000    2.505600
    0.00318000    0.103038    0.00318000    2.517480
    0.00319000    0.102733    0.00319000    2.526435
    0.00319000    0.102324    0.00319000    2.520855
    0.00319000    0.102416    0.00319000    2.519971
    0.00319000    0.101780    0.00319000    2.519086
    0.00319000    0.101774    0.00319000    2.519060
    0.00319000    0.101706    0.00319000    2.519051
    0.00319000    0.101725    0.00319000    2.519039
    0.00319000    0.101698    0.00319000    2.519033
    0.00319000    0.101683    0.00319000    2.519027
    0.00319000    0.101680    0.00319000    2.519021
    0.00319000    0.101674    0.00319000    2.519011
    0.00319000    0.101665    0.00319000    2.519004
    0.00319000    0.101651    0.00319000    2.518992
    0.00319000    0.101637    0.00319000    2.518987
    0.00319000    0.101337    0.00319000    2.518654
    0.00320000    0.102191    0.00320000    2.530717
    0.00321000    0.101421    0.00321000    2.539781
    0.00321000    0.101633    0.00321000    2.533348
    0.00321000    0.101325    0.00321000    2.532599
    0.00321000    0.101285    0.00321000    2.532576
    0.00321000    0.101262    0.00321000    2.532568
    0.00321000    0.101249    0.00321000    2.532502
    0.00321000    0.101186    0.00321000    2.532383
    0.00321000    0.101179    0.00321000    2.532324
    0.00321000    0.101072    0.00321000    2.532304
    0.00322000    0.101803    0.00322000    2.544185
    0.00323000    0.101265    0.00323000    2.551903
    0.00323000    0.101077    0.00323000    2.546340
    0.00323000    0.100691    0.00323000    2.545474
    0.00323000    0.100490    0.00323000    2.545489
    0.00323000    0.100467    0.00323000    2.545479
    0.00323000    0.100457    0.00323000    2.545462
    0.00323000    0.100447    0.00323000    2.545423
    0.00323000    0.100440    0.00323000    2.545393
    0.00323000    0.100433    0.00323000    2.545343
    0.00323000    0.100426    0.00323000    2.545353
    0.00323000    0.100421    0.00323000    2.545335
    0.00323000    0.100410    0.00323000    2.545326
    0.00323000    0.100368    0.00323000    2.545262
    0.00323000    0.100457    0.00323000    2.545317
    0.00323000    0.099586    0.00323000    2.544268
    0.00324000    0.100439    0.00324000    2.556757
    0.00325000    0.100303    0.00325000    2.564829
    0.00325000    0.099954    0.00325000    2.560116
    0.00325000    0.099934    0.00325000    2.559439
    0.00325000    0.099890    0.00325000    2.559198
    0.00325000    0.099884    0.00325000    2.559049
    0.00325000    0.099721    0.00325000    2.558785
    0.00325000    0.099692    0.00325000    2.558754
    0.00325000    0.099639    0.00325000    2.558726
    0.00325000    0.099563    0.00325000    2.558695
    0.00325000    0.099537    0.00325000    2.558386
    0.00326000    0.100363    0.00326000    2.570356
    0.00327000    0.099761    0.00327000    2.577509
    0.00327000    0.099657    0.00327000    2.573007
    0.00327000    0.099461    0.00327000    2.572733
    0.00327000    0.099222    0.00327000    2.571836
    0.00327000    0.099207    0.00327000    2.571765
    0.00327000    0.099192    0.00327000    2.571744
    0.00327000    0.099112    0.00327000    2.571700
    0.00327000    0.099218    0.00327000    2.571488
    0.00327000    0.099214    0.00327000    2.571489
    0.00327000    0.099170    0.00327000    2.571441
    0.00328000    0.099995    0.00328000    2.583509
    0.00329000    0.100044    0.00329000    2.591480
    0.00329000    0.099319    0.00329000    2.586984
    0.00329000    0.099032    0.00329000    2.585482
    0.00329000    0.098967    0.00329000    2.585282
    0.00329000    0.098958    0.00329000    2.585220
    0.00329000    0.098865    0.00329000    2.585032
    0.00329000    0.098855    0.00329000    2.584958
    0.00329000    0.098830    0.00329000    2.584929
    0.00329000    0.098785    0.00329000    2.584911
    0.00329000    0.098752    0.00329000    2.584681
    0.00329000    0.098750    0.00329000    2.584666
    0.00330000    0.099560    0.00330000    2.596569
    0.00331000    0.099877    0.00331000    2.604428
    0.00331000    0.099229    0.00331000    2.599180
    0.00331000    0.098904    0.00331000    2.598564
    0.00331000    0.098849    0.00331000    2.598654
    0.00331000    0.098813    0.00331000    2.598330
    0.00331000    0.098806    0.00331000    2.598303
    0.00331000    0.098826    0.00331000    2.598153
    0.00331000    0.098432    0.00331000    2.597589
    0.00332000    0.099283    0.00332000    2.609542
    0.00333000    0.099970    0.00333000    2.618130
    0.00333000    0.098846    0.00333000    2.612223
    0.00333000    0.098559    0.00333000    2.611777
    0.00333000    0.098517    0.00333000    2.611366
    0.00333000    0.098531    0.00333000    2.611285
    0.00333000    0.098556    0.00333000    2.611156
    0.00333000    0.098474    0.00333000    2.611022
    0.00333000    0.098485    0.00333000    2.611067
    0.00333000    0.098478    0.00333000    2.611007
    0.00333000    0.097729    0.00333000    2.609824
    0.00334000    0.098639    0.00334000    2.621931
    0.00335000    0.099150    0.00335000    2.630396
    0.00335000    0.098007    0.00335000    2.625539
    0.00335000    0.097992    0.00335000    2.623589
    0.00335000    0.097989    0.00335000    2.623350
    0.00335000    0.097978    0.00335000    2.623215
    0.00335000    0.097812    0.00335000    2.622991
    0.00336000    0.098635    0.00336000    2.634875
    0.00337000    0.098427    0.00337000    2.643093
    0.00337000    0.098705    0.00337000    2.637644
    0.00337000    0.097850    0.00337000    2.636565
    0.00337000    0.097823    0.00337000    2.636539
    0.00337000    0.097814    0.00337000    2.636468
    0.00337000    0.097835    0.00337000    2.636312
    0.00337000    0.097826    0.00337000    2.636287
    0.00338000    0.098631    0.00338000    2.647826
    0.00339000    0.098751    0.00339000    2.655164
    0.00339000    0.098278    0.00339000    2.649770
    0.00339000    0.098078    0.00339000    2.649386
    0.00339000    0.098048    0.00339000    2.648872
    0.00339000    0.097965    0.00339000    2.648763
    0.00340000    0.098599    0.00340000    2.660242
    0.00341000    0.102286    0.00341000    2.669887
    0.00341000    0.098040    0.00341000    2.662104
    0.00341000    0.097972    0.00341000    2.661808
    0.00341000    0.097916    0.00341000    2.661697
    0.00341000    0.097893    0.00341000    2.661556
    0.00341000    0.097892    0.00341000    2.661549
    0.00341000    0.097896    0.00341000    2.661485
    0.00341000    0.097843    0.00341000    2.661422
    0.00341000    0.097822    0.00341000    2.661420
    0.00341000    0.097841    0.00341000    2.661328
    0.00341000    0.097818    0.00341000    2.661294
    0.00342000    0.098546    0.00342000    2.672629
    0.00343000    0.099787    0.00343000    2.684177
    0.00343000    0.096949    0.00343000    2.674423
    0.00343000    0.094795    0.00343000    2.669807
    0.00343000    0.094356    0.00343000    2.669405
    0.00343000    0.094580    0.00343000    2.668627
    0.00343000    0.082763    0.00343000    2.667142
    0.00344000    0.083675    0.00344000    2.679614
    0.00345000    0.083943    0.00345000    2.688523
    0.00345000    0.084082    0.00345000    2.684238
    0.00345000    0.083055    0.00345000    2.682242
    0.00345000    0.083048    0.00345000    2.682034
    0.00345000    0.082977    0.00345000    2.681766
    0.00345000    0.082956    0.00345000    2.681689
    0.00345000    0.082954    0.00345000    2.681683
    0.00345000    0.082954    0.00345000    2.681684
    0.00345000    0.082945    0.00345000    2.681642
    0.00345000    0.082940    0.00345000    2.681647
    0.00345000    0.082939    0.00345000    2.681645
    0.00346000    0.083700    0.00346000    2.694023
    0.00347000    0.084174    0.00347000    2.703284
    0.00347000    0.083448    0.00347000    2.697571
    0.00347000    0.082758    0.00347000    2.696525
    0.00347000    0.082747    0.00347000    2.696473
    0.00347000    0.082737    0.00347000    2.696400
    0.00347000    0.082720    0.00347000    2.696335
    0.00347000    0.082729    0.00347000    2.696223
    0.00347000    0.082187    0.00347000    2.694826
    0.00348000    0.082958    0.00348000    2.707207
    0.00349000    0.083102    0.00349000    2.716262
    0.00349000    0.082323    0.00349000    2.710757
    0.00349000    0.082011    0.00349000    2.708855
    0.00349000    0.081992    0.00349000    2.708621
    0.00349000    0.081843    0.00349000    2.708439
    0.00349000    0.081801    0.00349000    2.708430
    0.00349000    0.081798    0.00349000    2.708297
    0.00349000    0.081802    0.00349000    2.708295
    0.00349000    0.081801    0.00349000    2.708293
    0.00349000    0.081800    0.00349000    2.708292
    0.00349000    0.081732    0.00349000    2.708230
    0.00350000    0.082332    0.00350000    2.720490
    0.00351000    0.082384    0.00351000    2.729614
    0.00351000    0.081754    0.00351000    2.723727
    0.00351000    0.081550    0.00351000    2.723224
    0.00351000    0.081440    0.00351000    2.723002
    0.00351000    0.081455    0.00351000    2.722767
    0.00351000    0.081388    0.00351000    2.722761
    0.00351000    0.081396    0.00351000    2.722587
    0.00351000    0.081373    0.00351000    2.722564
    0.00351000    0.081372    0.00351000    2.722560
    0.00351000    0.081370    0.00351000    2.722541
    0.00351000    0.081339    0.00351000    2.722482
    0.00352000    0.081904    0.00352000    2.734436
    0.00353000    0.081919    0.00353000    2.743355
    0.00353000    0.081256    0.00353000    2.737675
    0.00353000    0.081208    0.00353000    2.737353
    0.00353000    0.081054    0.00353000    2.736894
    0.00353000    0.080999    0.00353000    2.735883
    0.00353000    0.080930    0.00353000    2.735784
    0.00353000    0.080932    0.00353000    2.735742
    0.00353000    0.080902    0.00353000    2.735668
    0.00353000    0.080895    0.00353000    2.735656
    0.00353000    0.080892    0.00353000    2.735643
    0.00353000    0.080887    0.00353000    2.735637
    0.00353000    0.080884    0.00353000    2.735611
    0.00353000    0.080883    0.00353000    2.735602
    0.00354000    0.081323    0.00354000    2.747483
    0.00355000    0.081345    0.00355000    2.755713
    0.00355000    0.080941    0.00355000    2.750751
    0.00355000    0.080613    0.00355000    2.750197
    0.00355000    0.080493    0.00355000    2.749923
    0.00355000    0.080521    0.00355000    2.749623
    0.00355000    0.080479    0.00355000    2.749463
    0.00355000    0.080487    0.00355000    2.749470
    0.00355000    0.080265    0.00355000    2.748961
    0.00355000    0.080257    0.00355000    2.748954
    0.00355000    0.080263    0.00355000    2.748865
    0.00355000    0.079583    0.00355000    2.746710
    0.00356000    0.080185    0.00356000    2.758927
    0.00357000    0.080506    0.00357000    2.767930
    0.00357000    0.079746    0.00357000    2.762405
    0.00357000    0.079377    0.00357000    2.760891
    0.00357000    0.079204    0.00357000    2.760841
    0.00357000    0.079185    0.00357000    2.760397
    0.00357000    0.079172    0.00357000    2.760372
    0.00357000    0.079120    0.00357000    2.760368
    0.00357000    0.079142    0.00357000    2.760297
    0.00357000    0.079128    0.00357000    2.760298
    0.00357000    0.079050    0.00357000    2.760195
    0.00358000    0.079722    0.00358000    2.772237
    0.00359000    0.080089    0.00359000    2.780951
    0.00359000    0.079274    0.00359000    2.775571
    0.00359000    0.078763    0.00359000    2.774484
    0.00359000    0.078776    0.00359000    2.774187
    0.00359000    0.078737    0.00359000    2.774081
    0.00359000    0.078724    0.00359000    2.773918
    0.00359000    0.078689    0.00359000    2.773799
    0.00359000    0.078690    0.00359000    2.773773
    0.00359000    0.078674    0.00359000    2.773692
    0.00359000    0.078673    0.00359000    2.773685
    0.00359000    0.078671    0.00359000    2.773673
    0.00360000    0.079269    0.00360000    2.785367
    0.00361000    0.080003    0.00361000    2.794225
    0.00361000    0.078672    0.00361000    2.788196
    0.00361000    0.078708    0.00361000    2.787987
    0.00361000    0.078344    0.00361000    2.786998
    0.00361000    0.078341    0.00361000    2.786915
    0.00361000    0.078339    0.00361000    2.786875
    0.00361000    0.078334    0.00361000    2.786849
    0.00361000    0.078326    0.00361000    2.786788
    0.00361000    0.078324    0.00361000    2.786776
    0.00361000    0.078322    0.00361000    2.786746
    0.00361000    0.078311    0.00361000    2.786724
    0.00361000    0.078357    0.00361000    2.786894
    0.00361000    0.077167    0.00361000    2.781693
    0.00362000    0.077969    0.00362000    2.794142
    0.00363000    0.078672    0.00363000    2.801831
    0.00363000    0.077635    0.00363000    2.797760
    0.00363000    0.077469    0.00363000    2.796312
    0.00363000    0.077397    0.00363000    2.796115
    0.00363000    0.077249    0.00363000    2.795233
    0.00363000    0.077246    0.00363000    2.795222
    0.00363000    0.077211    0.00363000    2.795212
    0.00363000    0.077206    0.00363000    2.795205
    0.00363000    0.077205    0.00363000    2.795195
    0.00363000    0.077203    0.00363000    2.795186
    0.00363000    0.077202    0.00363000    2.795175
    0.00363000    0.077201    0.00363000    2.795166
    0.00363000    0.077190    0.00363000    2.795160
    0.00363000    0.077183    0.00363000    2.795153
    0.00363000    0.077177    0.00363000    2.795145
    0.00363000    0.077173    0.00363000    2.795136
    0.00363000    0.077174    0.00363000    2.795126
    0.00363000    0.077064    0.00363000    2.795079
    0.00364000    0.077801    0.00364000    2.807007
    0.00365000    0.078343    0.00365000    2.815533
    0.00365000    0.077575    0.00365000    2.809070
    0.00365000    0.077209    0.00365000    2.808237
    0.00365000    0.077231    0.00365000    2.808094
    0.00365000    0.076733    0.00365000    2.805404
    0.00366000    0.077555    0.00366000    2.817557
    0.00367000    0.077886    0.00367000    2.825161
    0.00367000    0.077589    0.00367000    2.818637
    0.00367000    0.076813    0.00367000    2.818013
    0.00367000    0.076786    0.00367000    2.817861
    0.00367000    0.076782    0.00367000    2.817825
    0.00367000    0.076778    0.00367000    2.817792
    0.00367000    0.076714    0.00367000    2.817322
    0.00368000    0.077600    0.00368000    2.829238
    0.00369000    0.077291    0.00369000    2.836894
    0.00369000    0.077586    0.00369000    2.830184
    0.00369000    0.077488    0.00369000    2.830161
    0.00369000    0.077321    0.00369000    2.830276
    0.00369000    0.077307    0.00369000    2.830128
    0.00369000    0.077343    0.00369000    2.830076
    0.00369000    0.077186    0.00369000    2.830017
    0.00369000    0.077149    0.00369000    2.829929
    0.00369000    0.077115    0.00369000    2.829813
    0.00369000    0.077166    0.00369000    2.829844
    0.00370000    0.077957    0.00370000    2.841385
    0.00371000    0.079446    0.00371000    2.851848
    0.00371000    0.077672    0.00371000    2.842422
    0.00371000    0.077646    0.00371000    2.841779
    0.00371000    0.077642    0.00371000    2.841582
    0.00371000    0.077622    0.00371000    2.841462
    0.00371000    0.077604    0.00371000    2.841475
    0.00371000    0.077557    0.00371000    2.840949
    0.00371000    0.077550    0.00371000    2.840926
    0.00371000    0.077548    0.00371000    2.840922
    0.00371000    0.077546    0.00371000    2.840912
    0.00371000    0.077547    0.00371000    2.840898
    0.00371000    0.077538    0.00371000    2.840878
    0.00371000    0.077540    0.00371000    2.840887
    0.00371000    0.077193    0.00371000    2.838837
    0.00372000    0.078025    0.00372000    2.850935
    0.00373000    0.080708    0.00373000    2.862830
    0.00373000    0.077860    0.00373000    2.851326
    0.00373000    0.077863    0.00373000    2.851041
    0.00373000    0.077800    0.00373000    2.850986
    0.00373000    0.077781    0.00373000    2.850927
    0.00373000    0.077771    0.00373000    2.850924
    0.00373000    0.077752    0.00373000    2.850551
    0.00373000    0.077752    0.00373000    2.850551
    0.00374000    0.078603    0.00374000    2.862144
    0.00375000    0.078506    0.00375000    2.872821
    0.00375000    0.078449    0.00375000    2.863278
    0.00375000    0.078639    0.00375000    2.862161
    0.00375000    0.078600    0.00375000    2.861942
    0.00375000    0.078579    0.00375000    2.861492
    0.00375000    0.078622    0.00375000    2.861389
    0.00375000    0.078628    0.00375000    2.861347
    0.00375000    0.078634    0.00375000    2.861301
    0.00375000    0.078634    0.00375000    2.861278
    0.00375000    0.078635    0.00375000    2.861271
    0.00375000    0.078580    0.00375000    2.861252
    0.00375000    0.078667    0.00375000    2.860646
    0.00376000    0.079539    0.00376000    2.871971
    0.00376000    0.078445    0.00376000    2.870942
    0.00376000    0.078879    0.00376000    2.865690
    0.00376000    0.078905    0.00376000    2.865678
    0.00376000    0.078838    0.00376000    2.865476
    0.00376000    0.078836    0.00376000    2.865433
    0.00376000    0.078835    0.00376000    2.865421
    0.00376000    0.078836    0.00376000    2.865401
    0.00376000    0.078834    0.00376000    2.865388
    0.00376000    0.078834    0.00376000    2.865369
    0.00376000    0.078823    0.00376000    2.865208
    0.00376000    0.078822    0.00376000    2.865194
    0.00376000    0.078821    0.00376000    2.865176
    0.00376000    0.078822    0.00376000    2.865164
    0.00376000    0.078817    0.00376000    2.865150
    0.00377000    0.079867    0.00377000    2.876516
    0.00378000    0.090775    0.00378000    2.893332
    0.00378000    0.080133    0.00378000    2.874755
    0.00378000    0.080096    0.00378000    2.872727
    0.00378000    0.080392    0.00378000    2.873498
    0.00378000    0.080399    0.00378000    2.873477
    0.00378000    0.080398    0.00378000    2.873459
    0.00378000    0.080401    0.00378000    2.873446
    0.00378000    0.080400    0.00378000    2.873429
    0.00378000    0.080398    0.00378000    2.873346
    0.00378000    0.080400    0.00378000    2.873400
    0.00378000    0.080257    0.00378000    2.870808
    0.00379000    0.081299    0.00379000    2.882578
    0.00380000    0.083654    0.00380000    2.894554
    0.00380000    0.092031    0.00380000    2.857965
    0.00380000    0.093184    0.00380000    2.853583
    0.00380000    0.093315    0.00380000    2.852867
    0.00380000    0.094855    0.00380000    2.848077
    0.00380000    0.107886    0.00380000    2.817565
    0.00381000    0.110342    0.00381000    2.826592
    0.00382000    0.112336    0.00382000    2.832888
    0.00382000    0.110946    0.00382000    2.827268
    0.00382000    0.111057    0.00382000    2.828148
    0.00382000    0.111164    0.00382000    2.827421
    0.00382000    0.111203    0.00382000    2.825896
    0.00382000    0.111496    0.00382000    2.825765
    0.00382000    0.111519    0.00382000    2.825701
    0.00382000    0.111525    0.00382000    2.825691
    0.00382000    0.112142    0.00382000    2.824149
    0.00383000    0.113751    0.00383000    2.834364
    0.00384000    0.115497    0.00384000    2.841290
    0.00384000    0.114673    0.00384000    2.840023
    0.00384000    0.114220    0.00384000    2.834729
    0.00384000    0.114318    0.00384000    2.834973
    0.00384000    0.114373    0.00384000    2.834658
    0.00384000    0.114356    0.00384000    2.834012
    0.00384000    0.114342    0.00384000    2.833487
    0.00384000    0.115608    0.00384000    2.830509
    0.00384000    0.115613    0.00384000    2.830471
    0.00385000    0.116974    0.00385000    2.841400
    0.00386000    0.124257    0.00386000    2.850162
    0.00386000    0.117866    0.00386000    2.838048
    0.00386000    0.117862    0.00386000    2.837945
    0.00386000    0.117863    0.00386000    2.837992
    0.00386000    0.117914    0.00386000    2.837795
    0.00386000    0.117829    0.00386000    2.836506
    0.00387000    0.118966    0.00387000    2.848108
    0.00388000    0.119233    0.00388000    2.857795
    0.00388000    0.119033    0.00388000    2.850238
    0.00388000    0.118718    0.00388000    2.849831
    0.00388000    0.118658    0.00388000    2.849018
    0.00388000    0.118619    0.00388000    2.849118
    0.00388000    0.118646    0.00388000    2.848947
    0.00388000    0.118576    0.00388000    2.848175
    0.00388000    0.118576    0.00388000    2.848176
    0.00388000    0.118738    0.00388000    2.847644
    0.00388000    0.118672    0.00388000    2.847112
    0.00389000    0.119792    0.00389000    2.858512
    0.00390000    0.061718    0.00390000    2.885490
    0.00390000    0.075433    0.00390000    2.847032
    0.00390000    0.047951    0.00390000    2.837597
    0.00390000    0.029973    0.00390000    2.827620
    0.00390000    0.032975    0.00390000    2.827649
    0.00390000    0.029687    0.00390000    2.821201
    0.00390000    0.030571    0.00390000    2.820057
    0.00390000    0.030531    0.00390000    2.819844
    0.00390000    0.029538    0.00390000    2.819908
    0.00390000    0.029432    0.00390000    2.819622
    0.00390000    0.029337    0.00390000    2.819519
    0.00390000    0.028973    0.00390000    2.819163
    0.00390000    0.029141    0.00390000    2.819366
    0.00390000    0.027482    0.00390000    2.817381
    0.00390000    0.027484    0.00390000    2.817377
    0.00390000    0.027486    0.00390000    2.817365
    0.00390000    0.027490    0.00390000    2.817345
    0.00390000    0.027483    0.00390000    2.817424
    0.00390000    0.027685    0.00390000    2.813049
    0.00391000    0.028512    0.00391000    2.825094
    0.00392000    0.029087    0.00392000    2.835313
    0.00392000    0.027933    0.00392000    2.827546
    0.00392000    0.027892    0.00392000    2.827159
    0.00392000    0.027808    0.00392000    2.826941
    0.00392000    0.027785    0.00392000    2.826958
    0.00392000    0.027767    0.00392000    2.826782
    0.00392000    0.027771    0.00392000    2.826818
    0.00392000    0.027741    0.00392000    2.826548
    0.00393000    0.028554    0.00393000    2.838494
    0.00393000    0.028082    0.00393000    2.835347
    0.00393000    0.027807    0.00393000    2.833918
    0.00393000    0.027800    0.00393000    2.833687
    0.00393000    0.027796    0.00393000    2.833614
    0.00393000    0.027784    0.00393000    2.833547
    0.00393000    0.027782    0.00393000    2.833532
    0.00393000    0.027788    0.00393000    2.833594
    0.00393000    0.027728    0.00393000    2.832546
    0.00393000    0.027730    0.00393000    2.832511
    0.00394000    0.028536    0.00394000    2.844471
    0.00395000    0.029131    0.00395000    2.855860
    0.00395000    0.027752    0.00395000    2.846554
    0.00395000    0.027706    0.00395000    2.846382
    0.00395000    0.027711    0.00395000    2.846250
    0.00395000    0.027729    0.00395000    2.846263
    0.00395000    0.027717    0.00395000    2.846087
    0.00395000    0.027716    0.00395000    2.846080
    0.00395000    0.027717    0.00395000    2.846067
    0.00395000    0.027717    0.00395000    2.846057
    0.00395000    0.027716    0.00395000    2.846049
    0.00395000    0.027714    0.00395000    2.846049
    0.00395000    0.027734    0.00395000    2.845798
    0.00396000    0.028543    0.00396000    2.857569
    0.00397000    0.029110    0.00397000    2.867658
    0.00397000    0.027715    0.00397000    2.859664
    0.00397000    0.027661    0.00397000    2.859424
    0.00397000    0.027646    0.00397000    2.859249
    0.00397000    0.027731    0.00397000    2.858643
    0.00397000    0.027707    0.00397000    2.858632
    0.00397000    0.027740    0.00397000    2.858422
    0.00398000    0.028527    0.00398000    2.870153
    0.00398000    0.028274    0.00398000    2.866575
    0.00398000    0.027918    0.00398000    2.866523
    0.00398000    0.027893    0.00398000    2.865959
    0.00398000    0.027823    0.00398000    2.865414
    0.00398000    0.027776    0.00398000    2.865222
    0.00398000    0.027766    0.00398000    2.865175
    0.00398000    0.027760    0.00398000    2.865102
    0.00398000    0.027763    0.00398000    2.865102
    0.00398000    0.027757    0.00398000    2.865056
    0.00398000    0.027760    0.00398000    2.864998
    0.00398000    0.027759    0.00398000    2.864983
    0.00399000    0.028539    0.00399000    2.876691
    0.00400000    0.029130    0.00400000    2.886237
