Time   1.0000
    1   0.0000   0.0000   0.0000  0.0000e+00  0.0000e+00 -8.2863e-02 -3.1395e-01
   43   0.3500   0.0000   0.0000  0.0000e+00  0.0000e+00 -8.5620e-02 -4.3962e-01
  143   0.0000   0.3500   0.0000  2.0531e-04  3.5265e-04  7.7390e-03  2.2086e-03
  251   0.3500   0.3500   0.0000  1.5268e-04  2.5855e-04 -6.5658e-03  2.5752e-03
  144   0.0000   0.7000   0.0000  3.1918e-04  6.0800e-04 -3.8068e-03  4.1566e-03
    5   0.7000   0.0000   0.0000  0.0000e+00  0.0000e+00 -8.6153e-02 -3.7750e-01
  161   0.7000   0.3500   0.0000  1.4259e-04  2.2153e-04 -4.2008e-03  1.0432e-02
  162   0.7000   0.7000   0.0000  3.0687e-04  4.4043e-04  1.3078e-03 -6.5540e-03
  252   0.3500   0.7000   0.0000  3.1098e-04  5.2023e-04 -5.3091e-03 -1.0590e-02
   44   1.0500   0.0000   0.0000  0.0000e+00  0.0000e+00 -1.2371e-01 -3.7529e-01
  145   0.0000   1.0500   0.0000  4.0546e-04  6.3607e-04  1.6615e-04  1.2824e-04
  256   1.0500   0.3500   0.0000  1.5791e-04  1.9047e-04 -7.6602e-03  1.0203e-02
  257   1.0500   0.7000   0.0000  3.0460e-04  3.7090e-04  1.0875e-02 -1.3841e-02
  258   1.0500   1.0500   0.0000  3.9276e-04  3.8932e-04 -7.1917e-04 -4.7165e-04
  163   0.7000   1.0500   0.0000  3.9560e-04  4.6644e-04 -6.6249e-05  6.2167e-05
  253   0.3500   1.0500   0.0000  4.0038e-04  5.4930e-04  1.1102e-03 -9.8644e-04
   45   1.4000   0.0000   0.0000  0.0000e+00  0.0000e+00 -1.2460e-01 -4.0034e-01
  146   0.0000   1.4000   0.0000  4.9388e-04  6.6360e-04 -1.0663e-04  4.2814e-04
  259   1.0500   1.4000   0.0000  4.8507e-04  4.0540e-04 -8.7694e-05 -4.2841e-04
  164   0.7000   1.4000   0.0000  4.8612e-04  4.8699e-04  6.3877e-06 -6.0783e-04
  261   1.4000   0.3500   0.0000  2.0727e-04  2.5365e-04 -1.9158e-02  1.5793e-02
  262   1.4000   0.7000   0.0000  2.9825e-04  2.9502e-04  5.4349e-03  9.4938e-04
  263   1.4000   1.0500   0.0000  3.9044e-04  3.1708e-04 -1.6934e-04  1.3836e-03
  264   1.4000   1.4000   0.0000  4.8397e-04  3.3257e-04 -4.8583e-04  5.7212e-04
  254   0.3500   1.4000   0.0000  4.8901e-04  5.7422e-04  8.8580e-05 -2.7301e-04
  147   0.0000   1.7500   0.0000  5.8463e-04  6.9195e-04 -8.0188e-05  1.8866e-04
   46   1.7500   0.0000   0.0000  0.0000e+00  0.0000e+00 -1.1835e-01 -3.5688e-01
  260   1.0500   1.7500   0.0000  5.8063e-04  4.1622e-04  1.8681e-04 -2.1410e-04
  165   0.7000   1.7500   0.0000  5.7891e-04  5.0274e-04  4.4969e-05 -4.2892e-04
  265   1.4000   1.7500   0.0000  5.8276e-04  3.4209e-04  1.4172e-04  3.1803e-04
  266   1.7500   0.3500   0.0000  2.1601e-04  2.1099e-04 -4.3343e-03 -3.0708e-03
  267   1.7500   0.7000   0.0000  2.9485e-04  2.3311e-04  1.1598e-03  5.7005e-04
  268   1.7500   1.0500   0.0000  3.8535e-04  2.5437e-04  5.7736e-04  4.0874e-04
  269   1.7500   1.4000   0.0000  4.8084e-04  2.7018e-04 -2.3085e-04  5.1199e-04
  270   1.7500   1.7500   0.0000  5.8328e-04  2.8030e-04 -2.2916e-05  5.3995e-04
  255   0.3500   1.7500   0.0000  5.8005e-04  5.9721e-04 -7.1568e-05 -6.4268e-05
    9   0.0000   2.1000   0.0000  6.8017e-04  7.2538e-04 -2.4930e-05  6.6539e-05
   47   2.1000   0.0000   0.0000  0.0000e+00  0.0000e+00 -1.2354e-01 -2.8359e-01
   10   0.7000   2.1000   0.0000  6.7588e-04  5.1318e-04  6.8500e-05 -2.0552e-04
  272   2.1000   0.7000   0.0000  2.9160e-04  1.8886e-04  4.5365e-04 -5.8391e-04
  273   2.1000   1.0500   0.0000  3.7960e-04  2.0479e-04  5.9188e-04 -3.7923e-04
  274   2.1000   1.4000   0.0000  4.7495e-04  2.1670e-04 -3.9507e-05 -3.4338e-04
  275   2.1000   1.7500   0.0000  5.8010e-04  2.2796e-04  2.2948e-04 -1.9941e-04
   53   0.3500   2.1000   0.0000  6.7561e-04  6.1932e-04  2.5477e-05  3.7545e-06
   54   1.0500   2.1000   0.0000  6.7984e-04  4.1959e-04  9.8152e-05 -1.0239e-04
   55   1.4000   2.1000   0.0000  6.8530e-04  3.4486e-04 -2.8036e-05  1.3208e-04
   56   1.7500   2.1000   0.0000  6.9005e-04  2.8451e-04 -3.5319e-04  3.2809e-04
   57   2.1000   2.1000   0.0000  6.9807e-04  2.3316e-04 -3.2388e-04  1.2039e-04
  271   2.1000   0.3500   0.0000  2.1823e-04  1.6922e-04 -1.5856e-03 -4.4447e-03
   48   2.4500   0.0000   0.0000  0.0000e+00  0.0000e+00 -1.2222e-01 -2.2129e-01
  148   0.0000   2.4500   0.0000  7.9178e-04  7.6833e-04  3.9406e-04 -5.9647e-04
  304   1.7500   2.4500   0.0000  7.8398e-04  2.8346e-04  3.5089e-05  1.4230e-04
  166   0.7000   2.4500   0.0000  7.7958e-04  5.1521e-04 -1.4573e-04 -2.5201e-05
  301   0.3500   2.4500   0.0000  7.8027e-04  6.4266e-04  2.0202e-04 -1.2001e-03
  302   1.0500   2.4500   0.0000  7.8556e-04  4.1447e-04  7.0222e-05 -6.7364e-05
  303   1.4000   2.4500   0.0000  7.8128e-04  3.4482e-04  1.0155e-04  2.4806e-05
  305   2.1000   2.4500   0.0000  8.0072e-04  2.2779e-04 -1.4273e-04  2.8526e-04
  306   2.4500   2.4500   0.0000  8.6091e-04  2.3222e-04 -3.3476e-03 -1.5420e-03
  277   2.4500   0.7000   0.0000  2.8350e-04  1.5342e-04  4.0939e-04 -2.5175e-04
  278   2.4500   1.0500   0.0000  3.7387e-04  1.6628e-04  1.1343e-04 -5.5070e-04
  279   2.4500   1.4000   0.0000  4.7097e-04  1.7352e-04  4.8576e-05 -5.8630e-04
  280   2.4500   1.7500   0.0000  5.6759e-04  1.7463e-04 -1.3700e-03 -2.2164e-03
  276   2.4500   0.3500   0.0000  2.1145e-04  1.3591e-04 -1.6456e-03 -5.8885e-03
   58   2.4500   2.1000   0.0000  7.1786e-04  1.8445e-04 -3.0834e-03 -1.5795e-03
   69   1.0500   2.8000   0.0000  8.7970e-04  4.1818e-04  1.0583e-04 -4.4434e-05
    6   2.8000   0.0000   0.0000  0.0000e+00  0.0000e+00 -1.2604e-01 -2.1174e-01
   71   1.7500   2.8000   0.0000  8.5475e-04  2.8118e-04  1.1100e-04 -1.9932e-05
   72   2.1000   2.8000   0.0000  8.5518e-04  2.2904e-04  1.2828e-05  2.6746e-06
   73   2.4500   2.8000   0.0000  8.6110e-04  2.2217e-04 -1.7962e-03 -5.6042e-04
   15   0.0000   2.8000   0.0000  1.0053e-03  1.0525e-03  2.4251e-06  2.9930e-03
   70   1.4000   2.8000   0.0000  8.6055e-04  3.4546e-04  1.2572e-04 -3.8204e-05
   16   0.7000   2.8000   0.0000  9.2579e-04  4.9163e-04  7.3628e-04 -9.5162e-04
   17   2.8000   2.8000   0.0000  1.1977e-03  5.2694e-04  8.7541e-03 -6.7850e-03
   68   0.3500   2.8000   0.0000  9.4772e-04  7.3282e-04  4.3834e-03 -7.4686e-04
   11   2.8000   2.1000   0.0000  8.3834e-04  2.9695e-04  7.5749e-03  1.7227e-03
  179   2.8000   0.3500   0.0000  1.8963e-04  1.0617e-04  3.5855e-03 -6.4727e-03
  180   2.8000   0.7000   0.0000  2.6933e-04  1.2174e-04 -4.6688e-04 -2.5632e-04
  181   2.8000   1.0500   0.0000  3.6630e-04  1.3369e-04 -2.7065e-04 -4.6478e-04
  182   2.8000   1.4000   0.0000  4.6902e-04  1.4479e-04  1.0357e-04 -1.7373e-04
  183   2.8000   1.7500   0.0000  5.5190e-04  1.5956e-04 -4.9045e-03 -1.8611e-03
  184   2.8000   2.4500   0.0000  9.9998e-04  3.8684e-04 -4.7380e-04  1.2390e-02
  167   0.7000   3.1500   0.0000  1.3489e-03  4.1429e-04 -9.0835e-04 -8.5620e-04
   49   3.1500   0.0000   0.0000  0.0000e+00  0.0000e+00 -2.3538e-01 -3.8623e-01
  149   0.0000   3.1500   0.0000  1.3732e-03  1.3370e-03 -1.9306e-03  2.1730e-03
  185   2.8000   3.1500   0.0000  1.9860e-03  8.9019e-04 -2.4040e-03  4.0525e-03
  321   3.1500   3.1500   0.0000  1.9867e-03  6.3764e-04 -6.8137e-03 -7.1113e-04
   59   3.1500   2.1000   0.0000  9.1696e-04  2.8475e-04  2.2603e-02 -4.2348e-03
  316   0.3500   3.1500   0.0000  1.3543e-03  8.7940e-04 -2.8223e-03 -8.1840e-04
   74   3.1500   2.8000   0.0000  1.4201e-03  4.5806e-04 -6.1051e-03  5.9296e-03
  307   3.1500   2.4500   0.0000  1.1420e-03  3.7536e-04  4.8823e-03 -2.4147e-03
  281   3.1500   0.3500   0.0000  1.4885e-04  6.5166e-05  4.5620e-03  1.3947e-03
  282   3.1500   0.7000   0.0000  2.5042e-04  8.2341e-05 -1.0120e-03  3.1282e-04
  283   3.1500   1.0500   0.0000  3.5591e-04  9.5608e-05 -4.4962e-05  2.9529e-04
  284   3.1500   1.4000   0.0000  4.6517e-04  1.1108e-04 -2.7178e-04 -2.3320e-05
  285   3.1500   1.7500   0.0000  5.6362e-04  1.2849e-04 -7.4265e-03 -3.2141e-03
  168   0.7000   3.5000   0.0000  1.8514e-03  4.0049e-04 -3.5090e-05  7.3706e-05
   50   3.5000   0.0000   0.0000  0.0000e+00  0.0000e+00 -4.2778e-01 -2.2172e-01
  150   0.0000   3.5000   0.0000  1.8559e-03  1.3845e-03 -3.1647e-05  2.7782e-05
  186   2.8000   3.5000   0.0000  2.2337e-03  8.8806e-04  2.2593e-04 -4.0320e-04
  288   3.5000   1.0500   0.0000  3.4450e-04  3.8295e-05 -9.6453e-05  5.7704e-04
  289   3.5000   1.4000   0.0000  4.6501e-04  5.1830e-05 -2.2242e-04  9.9752e-04
  290   3.5000   1.7500   0.0000  5.9252e-04  6.8164e-05 -2.9295e-03  5.8137e-04
  326   3.5000   3.1500   0.0000  2.0341e-03  4.7494e-04 -6.7866e-03  2.1255e-03
  327   3.5000   3.5000   0.0000  2.2373e-03  4.9497e-04  8.4180e-04  4.6382e-04
   75   3.5000   2.8000   0.0000  1.5797e-03  3.3050e-04  5.7680e-03 -8.3287e-03
  322   3.1500   3.5000   0.0000  2.2353e-03  6.7353e-04  1.1516e-03 -4.8742e-04
  308   3.5000   2.4500   0.0000  1.2920e-03  2.6906e-04 -2.3119e-03 -6.3477e-04
   60   3.5000   2.1000   0.0000  1.0141e-03  2.0621e-04  3.1398e-03  1.6392e-02
  317   0.3500   3.5000   0.0000  1.8523e-03  8.9396e-04  5.1887e-05 -1.8614e-04
  286   3.5000   0.3500   0.0000  1.1309e-04  1.6353e-05  2.0182e-03  8.9662e-04
  287   3.5000   0.7000   0.0000  2.2930e-04  2.8955e-05 -4.1753e-04  2.7923e-04
  169   0.7000   3.8500   0.0000  2.3626e-03  4.0769e-04  4.9991e-05 -1.4032e-05
   51   3.8500   0.0000   0.0000  0.0000e+00  0.0000e+00 -4.1370e-01  4.9193e-01
  151   0.0000   3.8500   0.0000  2.3697e-03  1.4045e-03 -1.0506e-04 -8.1659e-05
  187   2.8000   3.8500   0.0000  2.4399e-03  8.8636e-04 -2.0348e-05  6.2125e-06
  291   3.8500   0.3500   0.0000  9.5711e-05 -2.2934e-05  8.1614e-04  2.0349e-05
  292   3.8500   0.7000   0.0000  2.1652e-04 -4.1240e-05  2.5189e-04 -1.4154e-04
  293   3.8500   1.0500   0.0000  3.3719e-04 -4.8460e-05 -1.4366e-04 -1.4930e-04
  294   3.8500   1.4000   0.0000  4.6428e-04 -4.2916e-05  4.6473e-04 -1.4417e-04
  295   3.8500   1.7500   0.0000  6.4248e-04 -1.6356e-05 -2.5954e-03 -3.8224e-03
  328   3.5000   3.8500   0.0000  2.4333e-03  5.1223e-04  7.0799e-05 -1.6511e-04
  323   3.1500   3.8500   0.0000  2.4377e-03  6.8923e-04  9.9305e-05 -1.1233e-04
  331   3.8500   3.1500   0.0000  2.0716e-03  3.3327e-04 -6.5420e-03 -3.3057e-03
   76   3.8500   2.8000   0.0000  1.7041e-03  2.0298e-04  1.6235e-02 -6.2054e-03
  333   3.8500   3.8500   0.0000  2.4278e-03  3.6242e-04  1.5779e-04 -2.1236e-04
  309   3.8500   2.4500   0.0000  1.4511e-03  1.4411e-04 -1.2500e-02  1.3436e-03
  332   3.8500   3.5000   0.0000  2.2442e-03  3.4820e-04  1.6656e-04 -4.4090e-04
   61   3.8500   2.1000   0.0000  1.1544e-03  9.8664e-05  4.0641e-03 -9.6492e-04
  318   0.3500   3.8500   0.0000  2.3661e-03  9.0583e-04 -2.4673e-05  1.1192e-04
    7   4.2000   0.0000   0.0000  0.0000e+00  0.0000e+00 -2.9319e-01  8.3167e-01
  197   4.2000   0.3500   0.0000  1.0027e-04 -9.5301e-05  2.9770e-04  3.3624e-04
  198   4.2000   0.7000   0.0000  2.1684e-04 -1.4025e-04  1.4297e-04 -3.2080e-05
  200   4.2000   1.4000   0.0000  4.6806e-04 -1.8282e-04  2.1750e-04 -1.0139e-04
  170   0.7000   4.2000   0.0000  2.8672e-03  4.3225e-04 -8.7182e-04 -1.1145e-03
  199   4.2000   1.0500   0.0000  3.3641e-04 -1.6316e-04 -1.0358e-04 -7.9360e-05
  201   4.2000   1.7500   0.0000  6.4567e-04 -2.0140e-04 -1.6885e-03  8.5058e-04
  152   0.0000   4.2000   0.0000  2.8781e-03  1.3982e-03  1.0729e-04 -1.3199e-04
  188   2.8000   4.2000   0.0000  2.6377e-03  8.8900e-04 -3.8286e-05  1.6928e-04
   12   4.2000   2.1000   0.0000  1.3675e-03 -2.1485e-05  5.7563e-03 -1.9032e-03
  203   4.2000   3.1500   0.0000  2.0964e-03  2.1729e-04 -4.1643e-03 -4.0761e-04
  324   3.1500   4.2000   0.0000  2.6351e-03  6.9423e-04  2.5519e-05  5.7800e-05
  329   3.5000   4.2000   0.0000  2.6277e-03  5.2289e-04  6.9369e-05 -1.4050e-04
  205   4.2000   3.8500   0.0000  2.4227e-03  2.3265e-04  1.3719e-04  1.7806e-04
  206   4.2000   4.2000   0.0000  2.5991e-03  2.4143e-04  5.0162e-05 -2.2176e-05
   18   4.2000   2.8000   0.0000  1.8136e-03  1.1737e-04  1.6265e-02  8.7321e-03
  204   4.2000   3.5000   0.0000  2.2493e-03  2.2477e-04 -1.8153e-04  5.8720e-04
  334   3.8500   4.2000   0.0000  2.6135e-03  3.7478e-04  1.0333e-04 -9.2467e-05
  202   4.2000   2.4500   0.0000  1.6152e-03  5.8122e-05 -1.3178e-02  2.2781e-03
  319   0.3500   4.2000   0.0000  2.8773e-03  9.2401e-04 -4.6717e-04 -7.2148e-04
  171   0.7000   4.5500   0.0000  3.3407e-03  6.7293e-04 -1.1949e-03  5.4118e-03
  153   0.0000   4.5500   0.0000  3.3344e-03  1.3586e-03  1.1254e-04 -6.7768e-05
  189   2.8000   4.5500   0.0000  2.8457e-03  8.8728e-04 -1.6842e-04 -3.2779e-05
   62   4.5500   2.1000   0.0000  1.6932e-03  9.8809e-05 -7.0878e-05 -1.2509e-03
  320   0.3500   4.5500   0.0000  3.3387e-03  9.6497e-04  1.3721e-03 -1.0425e-03
  325   3.1500   4.5500   0.0000  2.8457e-03  6.8880e-04 -5.6771e-05  5.8281e-05
  330   3.5000   4.5500   0.0000  2.8231e-03  5.3233e-04  2.9598e-05 -5.8447e-05
   77   4.5500   2.8000   0.0000  1.9370e-03  1.0936e-04  1.0606e-03 -7.0175e-05
  207   4.2000   4.5500   0.0000  2.7733e-03  2.5118e-04  6.3208e-05 -3.5875e-05
  336   4.5500   3.1500   0.0000  2.0973e-03  1.0953e-04 -4.9755e-03 -4.6389e-03
  337   4.5500   3.5000   0.0000  2.2544e-03  1.1157e-04 -1.1816e-05 -3.7353e-04
  338   4.5500   3.8500   0.0000  2.4187e-03  1.1380e-04 -1.6614e-05 -5.2317e-05
  339   4.5500   4.2000   0.0000  2.5872e-03  1.1791e-04  3.8869e-05 -1.6948e-05
  340   4.5500   4.5500   0.0000  2.7542e-03  1.2320e-04  5.2718e-05 -2.3772e-05
  310   4.5500   2.4500   0.0000  1.7888e-03  9.4008e-05 -2.6567e-03  7.1192e-04
  335   3.8500   4.5500   0.0000  2.7970e-03  3.8713e-04  7.1680e-05 -6.1385e-05
   21   0.0000   4.9000   0.0000  3.6817e-03  1.2996e-03 -7.5407e-04 -1.2159e-03
   63   4.9000   2.1000   0.0000  1.7195e-03  9.2164e-06  1.4007e-04 -2.1790e-04
   22   0.7000   4.9000   0.0000  3.5715e-03  1.0984e-03  3.0508e-03 -2.3895e-03
   23   2.8000   4.9000   0.0000  3.1150e-03  8.4747e-04 -8.2379e-05 -3.5353e-06
  343   4.9000   3.8500   0.0000  2.4157e-03  1.0720e-06  1.4919e-05 -3.4786e-05
  342   4.9000   3.5000   0.0000  2.2560e-03  1.8040e-06 -1.5530e-04  9.9083e-05
  341   4.9000   3.1500   0.0000  2.1007e-03  1.6938e-06 -6.1082e-04  4.0874e-04
  311   4.9000   2.4500   0.0000  1.8226e-03  4.8755e-06 -1.3888e-04 -3.1646e-04
   78   4.9000   2.8000   0.0000  1.9511e-03  2.2596e-07  6.6151e-04  2.0625e-05
  344   4.9000   4.2000   0.0000  2.5781e-03  1.0850e-06  1.9099e-05 -4.5803e-05
   83   0.3500   4.9000   0.0000  3.6963e-03  1.0093e-03 -2.9709e-03  2.5736e-03
   24   4.2000   4.9000   0.0000  2.9420e-03  2.6199e-04  5.8307e-05 -2.7084e-05
   89   3.1500   4.9000   0.0000  3.0568e-03  6.9357e-04  5.8607e-05  1.0541e-04
   90   3.5000   4.9000   0.0000  3.0119e-03  5.4549e-04  6.5364e-05 -2.6122e-05
   91   3.8500   4.9000   0.0000  2.9738e-03  4.0191e-04  7.1401e-05 -3.0826e-05
   92   4.5500   4.9000   0.0000  2.9165e-03  1.2893e-04  5.3520e-05 -3.6305e-05
   93   4.9000   4.9000   0.0000  2.8964e-03  4.6164e-06  5.1767e-05 -6.0651e-05
  345   4.9000   4.5500   0.0000  2.7393e-03  2.3891e-06  3.6610e-05 -5.9263e-05
  154   0.0000   5.2500   0.0000  4.0000e-03  1.1963e-03  2.8862e+00 -1.0616e-03
   64   5.2500   2.1000   0.0000  1.7402e-03 -8.6410e-05 -4.1667e-05 -7.7990e-06
   84   1.0500   4.9000   0.0000  3.5108e-03  1.1222e-03 -4.1459e-05  4.4634e-05
   88   2.4500   4.9000   0.0000  3.2291e-03  9.0772e-04 -1.0809e-04 -9.8280e-05
  172   0.7000   5.2500   0.0000  3.6118e-03  1.1636e-03 -1.2338e-04 -1.9836e-04
  350   5.2500   4.5500   0.0000  2.7280e-03 -1.1343e-04  1.2750e-05  7.5322e-06
  312   5.2500   2.4500   0.0000  1.8407e-03 -9.0044e-05  1.0759e-04 -7.7263e-06
  190   2.8000   5.2500   0.0000  3.2721e-03  8.3023e-04  3.5289e-05  1.2694e-04
   79   5.2500   2.8000   0.0000  1.9619e-03 -9.3805e-05  2.0173e-04 -8.4821e-05
  208   4.2000   5.2500   0.0000  3.1021e-03  2.7314e-04  1.0258e-05 -5.7063e-06
  346   5.2500   3.1500   0.0000  2.1043e-03 -9.8494e-05 -1.4272e-04 -1.0654e-04
  347   5.2500   3.5000   0.0000  2.2568e-03 -1.0335e-04 -2.1644e-04  7.6676e-05
  348   5.2500   3.8500   0.0000  2.4134e-03 -1.0803e-04 -3.3340e-05  6.7732e-05
  349   5.2500   4.2000   0.0000  2.5714e-03 -1.1160e-04  2.8648e-06  2.7225e-05
   94   5.2500   4.9000   0.0000  2.8801e-03 -1.1333e-04  4.9676e-05 -7.1284e-06
  366   0.3500   5.2500   0.0000  3.7710e-03  1.1974e-03  1.4581e-03 -8.9621e-05
  367   1.0500   5.2500   0.0000  3.5420e-03  1.1333e-03 -8.6966e-05  5.2488e-05
  371   2.4500   5.2500   0.0000  3.3186e-03  9.1991e-04 -1.6114e-05 -4.5334e-05
  372   3.1500   5.2500   0.0000  3.2262e-03  7.0210e-04  1.2860e-05  7.5657e-05
  373   3.5000   5.2500   0.0000  3.1821e-03  5.6217e-04  1.0880e-05  1.9234e-06
  374   3.8500   5.2500   0.0000  3.1404e-03  4.1975e-04  1.1466e-05 -9.6254e-06
  375   4.5500   5.2500   0.0000  3.0718e-03  1.3385e-04  2.4442e-05 -5.3763e-05
  376   4.9000   5.2500   0.0000  3.0444e-03  8.0880e-06  3.6495e-05 -4.4376e-05
  377   5.2500   5.2500   0.0000  3.0224e-03 -1.1116e-04  5.4332e-05 -1.3281e-05
   27   0.0000   5.6000   0.0000  3.6985e-03  1.1764e-03  1.2311e-04 -1.1181e-04
   65   5.6000   2.1000   0.0000  1.7556e-03 -1.7308e-04 -2.9974e-05  1.1411e-05
   85   1.4000   4.9000   0.0000  3.4442e-03  1.0848e-03  1.9809e-05 -3.0250e-05
   87   2.1000   4.9000   0.0000  3.3077e-03  9.7427e-04 -2.5722e-05 -2.8346e-05
  107   4.5500   5.6000   0.0000  3.2168e-03  1.4044e-04 -4.7614e-06 -1.5888e-05
  108   4.9000   5.6000   0.0000  3.1781e-03  1.3510e-05  3.1707e-05  1.8617e-06
  109   5.2500   5.6000   0.0000  3.1510e-03 -1.0737e-04  4.4657e-05  6.8427e-06
  110   5.6000   5.6000   0.0000  3.1333e-03 -2.2623e-04  4.9405e-05  2.9066e-06
   30   4.2000   5.6000   0.0000  3.2705e-03  2.8530e-04 -2.2380e-05 -5.7200e-07
   28   0.7000   5.6000   0.0000  3.6438e-03  1.1995e-03 -3.0605e-05 -6.7197e-05
   29   2.8000   5.6000   0.0000  3.3927e-03  8.2050e-04  5.3010e-06  7.8778e-05
  313   5.6000   2.4500   0.0000  1.8474e-03 -1.7643e-04  6.9325e-05 -1.0766e-05
   95   5.6000   4.9000   0.0000  2.8678e-03 -2.2927e-04  4.5921e-05 -1.8525e-05
   98   0.3500   5.6000   0.0000  3.6974e-03  1.2374e-03  9.1646e-05  7.0615e-05
   80   5.6000   2.8000   0.0000  1.9672e-03 -1.8204e-04  5.2982e-05 -4.5269e-05
  355   5.6000   4.5500   0.0000  2.7197e-03 -2.2750e-04 -1.3130e-05 -7.5012e-07
  351   5.6000   3.1500   0.0000  2.1091e-03 -1.9410e-04 -2.7968e-05 -1.4849e-05
  352   5.6000   3.5000   0.0000  2.2589e-03 -2.0605e-04 -1.3039e-04  3.0472e-06
  353   5.6000   3.8500   0.0000  2.4125e-03 -2.1581e-04 -5.2859e-05  3.3036e-05
  354   5.6000   4.2000   0.0000  2.5669e-03 -2.2301e-04 -1.2563e-05  2.4512e-05
   99   1.0500   5.6000   0.0000  3.5871e-03  1.1529e-03 -2.4486e-05 -3.5634e-06
  100   1.4000   5.6000   0.0000  3.5414e-03  1.1064e-03 -4.6632e-05  2.0017e-05
  102   2.1000   5.6000   0.0000  3.4601e-03  9.8983e-04 -2.3354e-05 -1.5013e-05
  103   2.4500   5.6000   0.0000  3.4243e-03  9.1478e-04  4.8711e-06  1.5684e-05
  104   3.1500   5.6000   0.0000  3.3638e-03  7.0506e-04 -5.7300e-06  6.0159e-05
  105   3.5000   5.6000   0.0000  3.3341e-03  5.7591e-04 -3.7804e-06  1.0378e-05
  106   3.8500   5.6000   0.0000  3.3037e-03  4.3979e-04  7.9080e-06 -8.2508e-06
  368   1.4000   5.2500   0.0000  3.4899e-03  1.0972e-03 -5.7839e-05  1.3412e-05
  370   2.1000   5.2500   0.0000  3.3784e-03  9.8538e-04 -4.4356e-05 -3.0800e-05
  378   5.6000   5.2500   0.0000  3.0066e-03 -2.2851e-04  6.2554e-05 -1.4637e-05
  209   4.2000   5.9500   0.0000  3.4535e-03  3.1073e-04  3.9529e-07 -2.2422e-05
  155   0.0000   5.9500   0.0000  3.6659e-03  1.2299e-03 -4.0780e-06  2.5140e-05
   66   5.9500   2.1000   0.0000  1.7592e-03 -2.4418e-04 -7.5093e-06 -3.4074e-05
   86   1.7500   4.9000   0.0000  3.3769e-03  1.0340e-03 -5.2460e-06 -2.1529e-05
  111   5.9500   5.6000   0.0000  3.1233e-03 -3.4613e-04  4.9008e-05  1.5836e-05
  386   1.0500   5.9500   0.0000  3.6251e-03  1.1651e-03 -1.2727e-05 -1.7626e-05
  391   1.4000   5.9500   0.0000  3.5969e-03  1.1126e-03 -1.5011e-05  4.3061e-06
  396   1.7500   5.9500   0.0000  3.5696e-03  1.0541e-03 -1.4173e-05  4.2221e-06
  401   2.1000   5.9500   0.0000  3.5446e-03  9.8661e-04 -1.7551e-06  4.8863e-06
  406   2.4500   5.9500   0.0000  3.5225e-03  9.0707e-04  9.8643e-06  2.5260e-05
  416   3.5000   5.9500   0.0000  3.4708e-03  5.8330e-04  1.0394e-05  1.3421e-05
  411   3.1500   5.9500   0.0000  3.4864e-03  7.0362e-04  5.8309e-06  4.1895e-05
  421   3.8500   5.9500   0.0000  3.4585e-03  4.5459e-04  3.0575e-05 -8.5450e-06
  173   0.7000   5.9500   0.0000  3.6488e-03  1.2109e-03 -1.0438e-05 -3.8607e-05
  314   5.9500   2.4500   0.0000  1.8420e-03 -2.4318e-04  2.4997e-05  6.3882e-06
  191   2.8000   5.9500   0.0000  3.5035e-03  8.1273e-04  1.1065e-05  4.9090e-05
   81   5.9500   2.8000   0.0000  1.9741e-03 -2.6690e-04  4.0900e-05 -6.9530e-06
  101   1.7500   5.6000   0.0000  3.5002e-03  1.0526e-03 -4.1778e-05 -4.1181e-06
   96   5.9500   4.9000   0.0000  2.8594e-03 -3.4660e-04  4.0584e-05  2.6631e-05
  356   5.9500   3.1500   0.0000  2.1160e-03 -2.9146e-04 -1.4141e-05  9.5040e-06
  357   5.9500   3.5000   0.0000  2.2631e-03 -3.1103e-04 -8.3570e-05  8.7489e-06
  358   5.9500   3.8500   0.0000  2.4134e-03 -3.2576e-04 -4.3262e-05  2.1691e-05
  359   5.9500   4.2000   0.0000  2.5647e-03 -3.3632e-04 -1.7384e-05  2.7083e-05
  360   5.9500   4.5500   0.0000  2.7143e-03 -3.4317e-04 -2.6432e-05  2.9749e-05
  369   1.7500   5.2500   0.0000  3.4354e-03  1.0457e-03 -3.6382e-05 -1.2692e-05
  379   5.9500   5.2500   0.0000  2.9964e-03 -3.4707e-04  6.1628e-05  1.7568e-05
  381   0.3500   5.9500   0.0000  3.6573e-03  1.2329e-03 -5.3469e-06 -5.6060e-05
  156   0.0000   6.3000   0.0000  3.6846e-03  1.2739e-03  8.8890e-06  8.9002e-06
  210   4.2000   6.3000   0.0000  3.5821e-03  3.4348e-04 -1.4479e-05 -2.5248e-05
   13   6.3000   2.1000   0.0000  1.7154e-03 -2.3839e-04  5.2365e-05 -6.0319e-05
   31   6.3000   5.6000   0.0000  3.1191e-03 -4.6843e-04  3.1930e-05  3.7197e-05
  387   1.0500   6.3000   0.0000  3.6681e-03  1.1669e-03  1.0930e-06 -2.2196e-05
  392   1.4000   6.3000   0.0000  3.6553e-03  1.1129e-03  4.0699e-06 -4.5022e-06
  402   2.1000   6.3000   0.0000  3.6271e-03  9.8046e-04  7.2446e-06  1.1043e-05
   19   6.3000   2.8000   0.0000  1.9865e-03 -3.6376e-04  2.3567e-05  2.2988e-05
  407   2.4500   6.3000   0.0000  3.6151e-03  8.9889e-04  7.7315e-06  2.4940e-05
   25   6.3000   4.9000   0.0000  2.8546e-03 -4.6795e-04  3.7451e-05  5.8081e-05
  412   3.1500   6.3000   0.0000  3.5968e-03  7.0018e-04  5.1075e-06  3.0459e-05
  417   3.5000   6.3000   0.0000  3.5905e-03  5.8585e-04  3.5736e-06  1.4205e-05
  422   3.8500   6.3000   0.0000  3.5868e-03  4.6465e-04 -2.3976e-06 -7.0855e-06
  174   0.7000   6.3000   0.0000  3.6758e-03  1.2108e-03  2.6995e-06 -3.6904e-05
  192   2.8000   6.3000   0.0000  3.6050e-03  8.0528e-04  8.2536e-06  3.6463e-05
  397   1.7500   6.3000   0.0000  3.6409e-03  1.0512e-03  2.4717e-06  5.9770e-06
  220   6.3000   2.4500   0.0000  1.8513e-03 -3.1444e-04  4.6161e-05  4.5833e-05
  221   6.3000   3.1500   0.0000  2.1256e-03 -3.9847e-04 -2.0026e-05  8.7965e-06
  222   6.3000   3.5000   0.0000  2.2689e-03 -4.2337e-04 -5.5091e-05  1.8038e-06
  223   6.3000   3.8500   0.0000  2.4160e-03 -4.4161e-04 -3.3992e-05  1.7062e-05
  224   6.3000   4.2000   0.0000  2.5646e-03 -4.5468e-04 -1.5115e-05  2.9422e-05
  225   6.3000   4.5500   0.0000  2.7117e-03 -4.6329e-04 -1.5239e-05  4.4555e-05
  226   6.3000   5.2500   0.0000  2.9906e-03 -4.6922e-04  4.4122e-05  6.5666e-05
  382   0.3500   6.3000   0.0000  3.6799e-03  1.2433e-03 -5.6998e-06 -3.4839e-05
  157   0.0000   6.6500   0.0000  3.7315e-03  1.3044e-03  7.7353e-06  5.4696e-07
  211   4.2000   6.6500   0.0000  3.6896e-03  3.6822e-04 -6.9104e-06 -1.5278e-05
  219   6.3000   1.7500   0.0000  1.4150e-03 -6.5175e-05 -2.2904e-05 -9.1405e-05
  227   6.3000   5.9500   0.0000  3.2472e-03 -4.6610e-04 -8.7376e-06  4.0799e-06
  388   1.0500   6.6500   0.0000  3.7234e-03  1.1645e-03 -1.4778e-05 -2.2655e-05
  393   1.4000   6.6500   0.0000  3.7192e-03  1.1092e-03 -1.8879e-05 -5.0948e-06
  398   1.7500   6.6500   0.0000  3.7137e-03  1.0457e-03 -1.5630e-05  1.0312e-05
  403   2.1000   6.6500   0.0000  3.7080e-03  9.7324e-04 -5.1500e-06  2.0748e-05
  408   2.4500   6.6500   0.0000  3.7031e-03  8.9092e-04  1.2919e-06  2.2769e-05
  175   0.7000   6.6500   0.0000  3.7258e-03  1.2123e-03 -1.1410e-05 -3.0943e-05
  413   3.1500   6.6500   0.0000  3.6963e-03  6.9626e-04 -1.2389e-06  2.3850e-05
  418   3.5000   6.6500   0.0000  3.6944e-03  5.8691e-04 -4.0409e-06  1.0890e-05
  423   3.8500   6.6500   0.0000  3.6925e-03  4.7483e-04 -5.6558e-06 -1.0853e-05
  426   6.6500   5.9500   0.0000  3.2470e-03 -5.9565e-04  1.2001e-05  6.8840e-06
  300   6.6500   1.7500   0.0000  1.4367e-03 -3.4436e-04 -4.1880e-05  3.1417e-05
  315   6.6500   2.4500   0.0000  1.8671e-03 -4.4536e-04  2.6030e-05  2.2798e-05
  193   2.8000   6.6500   0.0000  3.6992e-03  7.9833e-04  1.4400e-06  3.2985e-05
   67   6.6500   2.1000   0.0000  1.6995e-03 -3.9691e-04  9.3849e-05  7.2520e-05
   82   6.6500   2.8000   0.0000  2.0012e-03 -4.8661e-04  1.6157e-05  2.0008e-06
   97   6.6500   4.9000   0.0000  2.8527e-03 -5.9513e-04  3.4590e-05  2.4186e-05
  361   6.6500   3.1500   0.0000  2.1351e-03 -5.1993e-04 -1.5538e-05 -1.0444e-05
  362   6.6500   3.5000   0.0000  2.2748e-03 -5.4616e-04 -3.3432e-05  1.8481e-06
  363   6.6500   3.8500   0.0000  2.4194e-03 -5.6644e-04 -2.3898e-05  2.0818e-05
  364   6.6500   4.2000   0.0000  2.5659e-03 -5.8101e-04 -1.1482e-05  3.2164e-05
  365   6.6500   4.5500   0.0000  2.7113e-03 -5.9031e-04 -2.0055e-06  3.5729e-05
  112   6.6500   5.6000   0.0000  3.1183e-03 -5.9632e-04  2.6587e-05 -3.7721e-06
  380   6.6500   5.2500   0.0000  2.9880e-03 -5.9654e-04  2.6953e-05  8.4863e-06
  383   0.3500   6.6500   0.0000  3.7277e-03  1.2559e-03 -9.6366e-06 -3.7446e-05
   14   7.0000   2.1000   0.0000  1.6954e-03 -6.1038e-04  1.7404e-05  1.4628e-05
   20   7.0000   2.8000   0.0000  2.0103e-03 -6.2299e-04 -8.7777e-06 -2.8484e-05
   26   7.0000   4.9000   0.0000  2.8523e-03 -7.2909e-04  8.7595e-06  1.1500e-05
   32   7.0000   5.6000   0.0000  3.1180e-03 -7.2630e-04 -6.5629e-06 -6.6446e-06
  158   0.0000   7.0000   0.0000  3.7919e-03  1.3250e-03  3.9148e-06 -9.3835e-06
  212   4.2000   7.0000   0.0000  3.7847e-03  3.8439e-04 -1.9991e-06 -1.0445e-05
  218   6.3000   1.4000   0.0000  1.0790e-03  4.8342e-05 -1.6725e-05 -1.0820e-05
  228   6.3000   6.3000   0.0000  3.3771e-03 -4.6352e-04 -5.4754e-06 -2.9647e-06
  236   7.0000   1.4000   0.0000  1.1088e-03 -5.8921e-04 -4.6258e-06  1.4012e-05
  237   7.0000   1.7500   0.0000  1.4387e-03 -6.1374e-04 -3.1550e-05  3.2858e-05
  238   7.0000   2.4500   0.0000  1.8735e-03 -6.0681e-04 -1.8354e-05 -2.4085e-05
  239   7.0000   3.1500   0.0000  2.1423e-03 -6.5193e-04 -1.5701e-05 -1.7629e-05
  240   7.0000   3.5000   0.0000  2.2802e-03 -6.8054e-04 -1.1401e-05  1.5218e-06
  241   7.0000   3.8500   0.0000  2.4231e-03 -7.0335e-04 -4.0909e-06  1.8962e-05
  242   7.0000   4.2000   0.0000  2.5681e-03 -7.1872e-04  9.3883e-07  2.9287e-05
  243   7.0000   4.5500   0.0000  2.7121e-03 -7.2684e-04  2.4588e-06  1.6290e-05
  244   7.0000   5.2500   0.0000  2.9873e-03 -7.2800e-04 -4.6691e-06  1.3903e-06
  245   7.0000   5.9500   0.0000  3.2470e-03 -7.2543e-04 -7.0131e-06 -1.0421e-05
  246   7.0000   6.3000   0.0000  3.3767e-03 -7.2568e-04 -7.2509e-06 -1.0568e-05
  384   0.3500   7.0000   0.0000  3.7895e-03  1.2665e-03 -7.7640e-06 -4.1494e-05
  427   6.6500   6.3000   0.0000  3.3767e-03 -5.9462e-04  1.9540e-06  1.5094e-05
  389   1.0500   7.0000   0.0000  3.7887e-03  1.1620e-03 -1.9508e-06 -2.7661e-05
  394   1.4000   7.0000   0.0000  3.7887e-03  1.1044e-03 -8.8111e-08 -3.0362e-06
  399   1.7500   7.0000   0.0000  3.7884e-03  1.0395e-03 -4.3776e-06  5.5919e-06
  409   2.4500   7.0000   0.0000  3.7879e-03  8.8390e-04 -2.4627e-05 -1.3159e-06
  414   3.1500   7.0000   0.0000  3.7879e-03  6.9318e-04 -2.0214e-05  3.2507e-05
  419   3.5000   7.0000   0.0000  3.7875e-03  5.8818e-04 -5.4084e-06  1.0389e-05
  424   3.8500   7.0000   0.0000  3.7867e-03  4.8258e-04 -2.3075e-06 -1.0155e-05
  299   6.6500   1.4000   0.0000  1.0955e-03 -2.7117e-04 -5.8830e-05 -3.4332e-06
  176   0.7000   7.0000   0.0000  3.7886e-03  1.2146e-03 -6.0851e-06 -2.5018e-05
  194   2.8000   7.0000   0.0000  3.7879e-03  7.9255e-04 -2.8309e-05  4.2164e-05
  404   2.1000   7.0000   0.0000  3.7881e-03  9.6623e-04 -5.7666e-06  3.2480e-05
  213   4.2000   7.3500   0.0000  3.8739e-03  3.9245e-04  2.7712e-06 -5.5291e-06
  229   6.3000   6.6500   0.0000  3.5087e-03 -4.6028e-04  6.3695e-07 -5.6632e-06
  235   7.0000   1.0500   0.0000  7.5201e-04 -5.1670e-04 -5.2324e-05  5.0404e-05
  217   6.3000   1.0500   0.0000  7.2331e-04  1.1729e-04 -8.0957e-06  6.5246e-05
  247   7.0000   6.6500   0.0000  3.5082e-03 -7.2671e-04 -2.4749e-06 -1.0425e-05
  159   0.0000   7.3500   0.0000  3.8594e-03  1.3379e-03 -5.4890e-07 -1.8497e-05
  385   0.3500   7.3500   0.0000  3.8581e-03  1.2741e-03 -3.7859e-05 -5.8193e-05
  195   2.8000   7.3500   0.0000  3.8736e-03  7.8831e-04 -1.0765e-05  2.7511e-05
  420   3.5000   7.3500   0.0000  3.8759e-03  5.8990e-04 -7.7175e-06  1.0430e-05
  390   1.0500   7.3500   0.0000  3.8595e-03  1.1602e-03 -1.8038e-05 -2.0876e-05
  425   3.8500   7.3500   0.0000  3.8744e-03  4.8716e-04 -7.0225e-06 -4.1876e-06
  298   6.6500   1.0500   0.0000  7.3515e-04 -1.9948e-04 -8.5701e-05 -6.1656e-05
  395   1.4000   7.3500   0.0000  3.8619e-03  1.1002e-03 -6.0815e-06  3.9648e-06
  428   6.6500   6.6500   0.0000  3.5082e-03 -5.9350e-04  5.1278e-06  1.7760e-05
  400   1.7500   7.3500   0.0000  3.8647e-03  1.0341e-03  7.7720e-06  7.3454e-06
  177   0.7000   7.3500   0.0000  3.8581e-03  1.2167e-03 -3.7060e-05 -1.6202e-05
  405   2.1000   7.3500   0.0000  3.8678e-03  9.6034e-04  9.0096e-06  3.2414e-05
  410   2.4500   7.3500   0.0000  3.8708e-03  8.7834e-04  7.7676e-06 -2.2822e-05
  415   3.1500   7.3500   0.0000  3.8755e-03  6.9142e-04 -6.3462e-06  4.6915e-05
   33   0.0000   7.7000   0.0000  3.9294e-03  1.3446e-03 -6.6884e-05 -5.7121e-05
  230   6.3000   7.0000   0.0000  3.6427e-03 -4.5632e-04  8.5494e-06  1.2953e-06
  234   7.0000   0.7000   0.0000  4.1929e-04 -3.9818e-04  6.1622e-05 -8.5403e-05
  216   6.3000   0.7000   0.0000  3.9170e-04  1.4137e-04  5.0988e-05  6.4606e-05
  248   7.0000   7.0000   0.0000  3.6422e-03 -7.2846e-04  1.9979e-06 -1.3203e-05
   36   4.2000   7.7000   0.0000  3.9574e-03  3.9063e-04 -3.6015e-06  1.5912e-06
   34   0.7000   7.7000   0.0000  3.9299e-03  1.2182e-03  2.3915e-05  4.5790e-06
   35   2.8000   7.7000   0.0000  3.9585e-03  7.8544e-04  3.9126e-05  2.6324e-05
  113   0.3500   7.7000   0.0000  3.9292e-03  1.2786e-03  6.0615e-05 -9.7148e-05
  297   6.6500   0.7000   0.0000  3.9926e-04 -1.2806e-04 -1.4413e-05 -8.3419e-05
  429   6.6500   7.0000   0.0000  3.6422e-03 -5.9237e-04  5.2869e-06  1.5584e-05
  114   1.0500   7.7000   0.0000  3.9324e-03  1.1588e-03  3.9433e-05 -7.0098e-06
  115   1.4000   7.7000   0.0000  3.9364e-03  1.0970e-03  4.5428e-05  2.9062e-06
  116   1.7500   7.7000   0.0000  3.9416e-03  1.0300e-03  4.0486e-05  1.3926e-05
  117   2.1000   7.7000   0.0000  3.9473e-03  9.5596e-04  2.6685e-05  1.6843e-05
  118   2.4500   7.7000   0.0000  3.9532e-03  8.7433e-04  3.5947e-05 -1.9764e-05
  119   3.1500   7.7000   0.0000  3.9627e-03  6.9060e-04  1.5698e-05  3.3627e-05
  120   3.5000   7.7000   0.0000  3.9647e-03  5.9177e-04  6.8182e-07  8.9063e-06
  121   3.8500   7.7000   0.0000  3.9634e-03  4.9122e-04 -8.6738e-06 -3.8056e-06
  160   0.0000   8.0500   0.0000  4.0000e-03  1.3463e-03  2.9130e-02 -6.0294e-06
  231   6.3000   7.3500   0.0000  3.7799e-03 -4.5170e-04  1.7366e-05  8.4661e-06
  233   7.0000   0.3500   0.0000  1.5832e-04 -2.2864e-04  6.3707e-05  3.2730e-05
  215   6.3000   0.3500   0.0000  1.3525e-04  1.2065e-04  1.5717e-04 -5.1446e-04
  249   7.0000   7.3500   0.0000  3.7796e-03 -7.3101e-04 -2.5498e-06 -1.1388e-05
  122   4.5500   7.7000   0.0000  3.9431e-03  2.7000e-04  1.2794e-06 -7.7245e-06
  196   2.8000   8.0500   0.0000  4.0447e-03  7.8332e-04  1.2870e-05  1.0890e-05
  214   4.2000   8.0500   0.0000  4.0637e-03  3.8869e-04 -6.6575e-06  1.5765e-05
  296   6.6500   0.3500   0.0000  1.2982e-04 -5.8555e-05 -2.8647e-05 -1.2598e-04
  434   1.7500   8.0500   0.0000  4.0173e-03  1.0271e-03  2.0507e-05  1.4814e-05
  430   6.6500   7.3500   0.0000  3.7793e-03 -5.9119e-04 -1.0907e-05  4.4677e-06
  431   0.3500   8.0500   0.0000  3.9986e-03  1.2809e-03  3.5358e-04 -2.7436e-05
  432   1.0500   8.0500   0.0000  4.0034e-03  1.1577e-03  3.9619e-05 -1.2515e-05
  433   1.4000   8.0500   0.0000  4.0094e-03  1.0948e-03  2.1059e-05 -1.1787e-05
  178   0.7000   8.0500   0.0000  3.9998e-03  1.2188e-03  8.3093e-05 -1.0074e-05
  435   2.1000   8.0500   0.0000  4.0264e-03  9.5292e-04  2.4537e-05  8.0962e-06
  436   2.4500   8.0500   0.0000  4.0358e-03  8.7151e-04  2.2394e-05  5.8420e-06
  437   3.1500   8.0500   0.0000  4.0523e-03  6.8976e-04  1.6100e-06  1.1363e-05
  438   3.5000   8.0500   0.0000  4.0579e-03  5.9272e-04 -9.0744e-06  5.9036e-06
  439   3.8500   8.0500   0.0000  4.0614e-03  4.9339e-04 -8.7483e-06 -1.3273e-06
  440   4.5500   8.0500   0.0000  4.0658e-03  2.7115e-04  7.7149e-07  5.3137e-06
    2   7.0000   0.0000   0.0000  0.0000e+00  0.0000e+00 -3.6163e-01  1.6516e+00
    4   0.0000   8.4000   0.0000  4.0639e-03  1.3461e-03 -7.3348e-05  2.4030e-05
    8   6.3000   0.0000   0.0000  0.0000e+00  0.0000e+00 -4.0348e-02 -2.4669e-01
  128   0.3500   8.4000   0.0000  4.0643e-03  1.2817e-03  4.2699e-05  4.8054e-05
  129   1.0500   8.4000   0.0000  4.0697e-03  1.1565e-03  4.0228e-05  7.8816e-07
  131   1.7500   8.4000   0.0000  4.0904e-03  1.0246e-03  1.9394e-05  1.6401e-05
  133   2.4500   8.4000   0.0000  4.1196e-03  8.6883e-04  1.3090e-05  1.9056e-06
  134   3.1500   8.4000   0.0000  4.1450e-03  6.8814e-04  7.9073e-06 -8.9870e-07
  135   3.5000   8.4000   0.0000  4.1546e-03  5.9187e-04  3.4507e-06 -5.2029e-06
  137   4.5500   8.4000   0.0000  4.1878e-03  2.6937e-04 -1.8114e-06 -5.1179e-06
  138   4.9000   8.4000   0.0000  4.1989e-03  1.3971e-04 -3.0221e-06 -6.3258e-07
  130   1.4000   8.4000   0.0000  4.0782e-03  1.0928e-03  3.4083e-05  1.5734e-05
  132   2.1000   8.4000   0.0000  4.1047e-03  9.5015e-04  1.8867e-05  4.6758e-06
   38   7.0000   7.7000   0.0000  3.9212e-03 -7.3369e-04 -4.3999e-06  8.4571e-07
   39   0.7000   8.4000   0.0000  4.0653e-03  1.2185e-03 -3.6271e-06 -5.2108e-06
   40   2.8000   8.4000   0.0000  4.1333e-03  7.8104e-04  1.0041e-05 -6.7151e-07
   41   4.2000   8.4000   0.0000  4.1755e-03  3.8660e-04  8.9075e-06 -1.1896e-06
  136   3.8500   8.4000   0.0000  4.1641e-03  4.9253e-04  5.8355e-06 -6.9343e-06
   52   6.6500   0.0000   0.0000  0.0000e+00  0.0000e+00 -1.3518e-01  8.6250e-01
  123   4.9000   7.7000   0.0000  3.9328e-03  1.3973e-04  6.8637e-07  1.8224e-06
   37   6.3000   7.7000   0.0000  3.9200e-03 -4.4591e-04 -1.5211e-07  5.3692e-07
  441   4.9000   8.0500   0.0000  4.0659e-03  1.4059e-04  2.5145e-06  1.1819e-05
  127   6.6500   7.7000   0.0000  3.9207e-03 -5.9069e-04 -2.9230e-05 -1.2114e-05
  124   5.2500   7.7000   0.0000  3.9254e-03  4.1261e-07  3.9966e-06 -4.5724e-06
  139   5.2500   8.4000   0.0000  4.2070e-03  3.1914e-07 -4.3641e-06 -4.9701e-06
  250   7.0000   8.0500   0.0000  4.0663e-03 -7.3547e-04  2.1076e-06  9.6055e-06
  126   5.9500   7.7000   0.0000  3.9188e-03 -2.9423e-04  1.2842e-05  1.6006e-05
  232   6.3000   8.0500   0.0000  4.0666e-03 -4.4386e-04 -1.0888e-05 -3.1755e-05
  445   6.6500   8.0500   0.0000  4.0662e-03 -5.9030e-04 -6.8177e-06 -7.2536e-06
  444   5.9500   8.0500   0.0000  4.0668e-03 -2.9439e-04 -1.3172e-06  6.5442e-07
  442   5.2500   8.0500   0.0000  4.0662e-03  9.9997e-07  1.8268e-06 -5.6607e-07
    3   7.0000   8.4000   0.0000  4.2124e-03 -7.3597e-04  5.6764e-06  5.6756e-06
   42   6.3000   8.4000   0.0000  4.2139e-03 -4.4319e-04  9.9952e-07 -6.0250e-06
  140   5.6000   8.4000   0.0000  4.2121e-03 -1.4538e-04 -4.9422e-06  5.1397e-06
  141   5.9500   8.4000   0.0000  4.2142e-03 -2.9433e-04 -7.8840e-06  1.2269e-06
  142   6.6500   8.4000   0.0000  4.2129e-03 -5.9005e-04  9.2577e-06  1.7713e-06
  125   5.6000   7.7000   0.0000  3.9207e-03 -1.4520e-04 -5.0053e-06  7.9782e-06
  443   5.6000   8.0500   0.0000  4.0664e-03 -1.4492e-04  2.3794e-06  7.6873e-06
