Time   1.0000
    1   0.0000   0.0000   0.0000  0.0000e+00  0.0000e+00 -2.8703e-02 -2.5239e-01
   43   0.3500   0.0000   0.0000  0.0000e+00  0.0000e+00 -5.4886e-02 -4.5083e-01
  143   0.0000   0.3500   0.0000  9.1163e-05  2.8318e-04  7.0989e-09 -3.4807e-08
  251   0.3500   0.3500   0.0000  8.6689e-05  2.1936e-04 -4.9806e-08  1.3216e-07
  144   0.0000   0.7000   0.0000  1.5677e-04  3.0958e-04 -1.5667e-16 -1.8041e-16
    5   0.7000   0.0000   0.0000  0.0000e+00  0.0000e+00 -7.1159e-02 -4.5441e-01
  161   0.7000   0.3500   0.0000  8.4316e-05  1.6581e-04 -3.5045e-07  4.6583e-07
  162   0.7000   0.7000   0.0000  1.4730e-04  1.9355e-04 -6.0715e-17  5.2042e-17
  252   0.3500   0.7000   0.0000  1.5167e-04  2.4831e-04  1.6306e-16 -8.1532e-16
   44   1.0500   0.0000   0.0000  0.0000e+00  0.0000e+00 -1.0298e-01 -4.5183e-01
  145   0.0000   1.0500   0.0000  2.1835e-04  3.3497e-04 -4.7878e-16 -1.9082e-16
  256   1.0500   0.3500   0.0000  8.2402e-05  1.2116e-04 -8.6867e-07  1.1281e-06
  257   1.0500   0.7000   0.0000  1.4428e-04  1.4733e-04 -3.0878e-16 -3.9552e-16
  258   1.0500   1.0500   0.0000  2.0790e-04  1.6941e-04 -1.1189e-16  1.8562e-16
  163   0.7000   1.0500   0.0000  2.0984e-04  2.1821e-04 -3.2960e-16 -1.8735e-16
  253   0.3500   1.0500   0.0000  2.1353e-04  2.7463e-04  6.0021e-16  1.2594e-15
   45   1.4000   0.0000   0.0000  0.0000e+00  0.0000e+00 -1.5346e-01 -4.3424e-01
  146   0.0000   1.4000   0.0000  2.7891e-04  3.6074e-04 -2.9577e-16  1.2837e-16
  259   1.0500   1.4000   0.0000  2.7244e-04  1.8625e-04  4.4062e-16  4.9960e-16
  164   0.7000   1.4000   0.0000  2.7203e-04  2.3882e-04 -4.3021e-16 -4.8486e-16
  261   1.4000   0.3500   0.0000  8.0082e-05  8.6124e-05 -1.4899e-06  2.1301e-06
  262   1.4000   0.7000   0.0000  1.4196e-04  1.1024e-04 -1.5266e-16  0.0000e+00
  263   1.4000   1.0500   0.0000  2.0727e-04  1.3004e-04  2.6021e-16  2.7409e-16
  264   1.4000   1.4000   0.0000  2.7463e-04  1.4460e-04  8.4655e-16  2.8276e-16
  254   0.3500   1.4000   0.0000  2.7435e-04  2.9890e-04  7.7249e-16 -2.0817e-17
  147   0.0000   1.7500   0.0000  3.4044e-04  3.8850e-04  3.5345e-17 -7.4940e-16
   46   1.7500   0.0000   0.0000  0.0000e+00  0.0000e+00 -2.1536e-01 -3.9703e-01
  260   1.0500   1.7500   0.0000  3.3792e-04  1.9659e-04  7.6328e-17  4.5103e-17
  165   0.7000   1.7500   0.0000  3.3471e-04  2.5487e-04 -2.4113e-16 -9.0206e-17
  265   1.4000   1.7500   0.0000  3.4303e-04  1.5288e-04  0.0000e+00 -2.5327e-16
  266   1.7500   0.3500   0.0000  7.6820e-05  5.9911e-05 -2.0338e-06  3.2641e-06
  267   1.7500   0.7000   0.0000  1.3968e-04  8.1747e-05 -6.4185e-17 -3.7123e-16
  268   1.7500   1.0500   0.0000  2.0698e-04  9.9768e-05  5.9674e-16  4.0246e-16
  269   1.7500   1.4000   0.0000  2.7701e-04  1.1357e-04 -1.5786e-16  2.0817e-17
  270   1.7500   1.7500   0.0000  3.4828e-04  1.2274e-04 -1.2490e-16 -2.4980e-16
  255   0.3500   1.7500   0.0000  3.3575e-04  3.2218e-04 -4.4669e-17  4.9613e-16
    9   0.0000   2.1000   0.0000  4.0551e-04  4.2052e-04 -9.3707e-08 -9.0388e-08
   47   2.1000   0.0000   0.0000  0.0000e+00  0.0000e+00 -2.7451e-01 -3.4570e-01
   10   0.7000   2.1000   0.0000  4.0051e-04  2.6517e-04  1.0929e-16 -3.6993e-16
  272   2.1000   0.7000   0.0000  1.3696e-04  6.0082e-05 -1.2143e-16  1.5959e-16
  273   2.1000   1.0500   0.0000  2.0638e-04  7.6556e-05  0.0000e+00 -1.4745e-16
  274   2.1000   1.4000   0.0000  2.7871e-04  8.9986e-05 -9.9920e-16 -2.9490e-17
  275   2.1000   1.7500   0.0000  3.5229e-04  1.0098e-04  1.8024e-07 -1.6023e-07
   53   0.3500   2.1000   0.0000  4.0007e-04  3.4634e-04 -7.3687e-08  4.9290e-08
   54   1.0500   2.1000   0.0000  4.0540e-04  1.9903e-04  7.0343e-16  4.9787e-16
   55   1.4000   2.1000   0.0000  4.1117e-04  1.5477e-04 -6.0889e-16 -1.3097e-16
   56   1.7500   2.1000   0.0000  4.1647e-04  1.2695e-04 -4.9960e-16 -4.4496e-16
   57   2.1000   2.1000   0.0000  4.2474e-04  1.0923e-04  6.6082e-07 -4.0283e-07
  271   2.1000   0.3500   0.0000  7.2409e-05  4.0569e-05 -2.3813e-06  4.0174e-06
   48   2.4500   0.0000   0.0000  0.0000e+00  0.0000e+00 -3.2116e-01 -2.8785e-01
  148   0.0000   2.4500   0.0000  4.8347e-04  4.7163e-04  1.5095e-07 -5.9744e-08
  304   1.7500   2.4500   0.0000  4.7030e-04  1.2730e-04  2.3679e-15  2.9490e-16
  166   0.7000   2.4500   0.0000  4.7603e-04  2.6547e-04  2.3246e-08 -3.4971e-08
  301   0.3500   2.4500   0.0000  4.7643e-04  3.7287e-04  1.3175e-07  1.8639e-07
  302   1.0500   2.4500   0.0000  4.7948e-04  1.9365e-04 -6.6917e-16 -2.7495e-16
  303   1.4000   2.4500   0.0000  4.7196e-04  1.5492e-04 -3.7654e-16 -1.7434e-16
  305   2.1000   2.4500   0.0000  4.7830e-04  1.1182e-04  6.1671e-07  4.2871e-07
  306   2.4500   2.4500   0.0000  5.0208e-04  1.1845e-04 -1.0433e-09  5.9161e-07
  277   2.4500   0.7000   0.0000  1.3349e-04  4.2989e-05 -2.2204e-16 -3.6429e-17
  278   2.4500   1.0500   0.0000  2.0536e-04  5.7755e-05 -5.5511e-17  5.7246e-17
  279   2.4500   1.4000   0.0000  2.8009e-04  7.0178e-05  2.6225e-06 -1.8941e-06
  280   2.4500   1.7500   0.0000  3.5520e-04  8.0840e-05  2.8879e-06  1.5328e-06
  276   2.4500   0.3500   0.0000  6.6802e-05  2.5742e-05 -3.1888e-06  2.8426e-06
   58   2.4500   2.1000   0.0000  4.3951e-04  1.0085e-04 -2.1236e-08  2.7572e-07
   69   1.0500   2.8000   0.0000  5.4299e-04  1.9798e-04 -2.3072e-16 -6.7221e-17
    6   2.8000   0.0000   0.0000  0.0000e+00  0.0000e+00 -3.2555e-01 -1.8850e-01
   71   1.7500   2.8000   0.0000  5.0387e-04  1.2790e-04  5.5077e-16 -2.3831e-16
   72   2.1000   2.8000   0.0000  4.9973e-04  1.1161e-04 -1.9294e-15  1.2490e-16
   73   2.4500   2.8000   0.0000  5.0712e-04  1.1819e-04  1.8505e-07  4.8752e-08
   15   0.0000   2.8000   0.0000  6.2174e-04  6.5331e-04 -6.2899e-08  1.9610e-09
   70   1.4000   2.8000   0.0000  5.1725e-04  1.5651e-04 -5.4123e-16  2.3506e-16
   16   0.7000   2.8000   0.0000  5.9530e-04  2.4242e-04  4.9469e-08 -1.0798e-09
   17   2.8000   2.8000   0.0000  7.6919e-04  2.6209e-04  1.8786e-07  1.7820e-08
   68   0.3500   2.8000   0.0000  6.1543e-04  4.3909e-04 -2.2439e-07  2.9118e-08
   11   2.8000   2.1000   0.0000  4.8703e-04  1.2488e-04 -3.7485e-07  1.1690e-06
  179   2.8000   0.3500   0.0000  6.0278e-05  1.3828e-05 -1.4291e-06  2.7046e-07
  180   2.8000   0.7000   0.0000  1.2906e-04  2.8217e-05  3.7123e-16  1.5266e-16
  181   2.8000   1.0500   0.0000  2.0437e-04  4.0827e-05  1.5341e-06 -1.2868e-06
  182   2.8000   1.4000   0.0000  2.8164e-04  5.1660e-05  3.0476e-06 -3.4682e-06
  183   2.8000   1.7500   0.0000  3.6647e-04  7.0091e-05 -2.9057e-07  3.5633e-06
  184   2.8000   2.4500   0.0000  5.9445e-04  1.7626e-04 -3.1195e-07  5.1365e-07
  167   0.7000   3.1500   0.0000  9.0864e-04  1.7691e-04  2.6162e-08  5.9957e-10
   49   3.1500   0.0000   0.0000  0.0000e+00  0.0000e+00 -2.7834e-01 -2.9094e-02
  149   0.0000   3.1500   0.0000  9.1557e-04  8.5735e-04  2.9008e-08 -1.3625e-08
  185   2.8000   3.1500   0.0000  1.2560e-03  5.6611e-04  1.5266e-07  3.3103e-07
  321   3.1500   3.1500   0.0000  1.2702e-03  3.5779e-04 -6.8766e-07  1.3588e-06
   59   3.1500   2.1000   0.0000  5.5409e-04  1.3502e-04 -8.0885e-08  1.1299e-06
  316   0.3500   3.1500   0.0000  9.0708e-04  5.1082e-04  6.3403e-08 -6.8127e-08
   74   3.1500   2.8000   0.0000  9.3925e-04  2.4305e-04  4.7714e-07 -8.7362e-07
  307   3.1500   2.4500   0.0000  7.1219e-04  1.8331e-04  4.1026e-07  3.3405e-07
  281   3.1500   0.3500   0.0000  5.4525e-05  4.3613e-06  7.9797e-17  6.9389e-18
  282   3.1500   0.7000   0.0000  1.2343e-04  1.2140e-05  7.6328e-17 -1.5266e-16
  283   3.1500   1.0500   0.0000  2.0333e-04  2.2113e-05 -2.1930e-07 -3.2936e-06
  284   3.1500   1.4000   0.0000  2.8813e-04  3.3694e-05 -1.3348e-06 -1.6659e-06
  285   3.1500   1.7500   0.0000  3.9586e-04  6.5471e-05 -5.6423e-07  3.0201e-06
  168   0.7000   3.5000   0.0000  1.2860e-03  1.5622e-04 -2.6758e-16 -5.8157e-16
   50   3.5000   0.0000   0.0000  0.0000e+00  0.0000e+00 -2.3037e-01  1.6925e-01
  150   0.0000   3.5000   0.0000  1.2942e-03  9.1386e-04 -1.3948e-08  1.7568e-08
  186   2.8000   3.5000   0.0000  1.4715e-03  5.6310e-04  1.3135e-15  1.2413e-15
  288   3.5000   1.0500   0.0000  2.0101e-04 -9.9072e-06 -7.0026e-07 -1.3227e-06
  289   3.5000   1.4000   0.0000  2.9963e-04  1.4172e-06 -2.2425e-06 -2.3978e-06
  290   3.5000   1.7500   0.0000  4.2934e-04  2.8803e-05 -3.3620e-08  1.1865e-06
  326   3.5000   3.1500   0.0000  1.2993e-03  2.0419e-04  8.2819e-07  1.5997e-06
  327   3.5000   3.5000   0.0000  1.4730e-03  2.1758e-04 -3.8177e-08 -8.7136e-07
   75   3.5000   2.8000   0.0000  1.0562e-03  1.5482e-04 -6.0888e-07 -8.1557e-07
  322   3.1500   3.5000   0.0000  1.4710e-03  3.7671e-04 -3.4660e-07 -4.2475e-07
  308   3.5000   2.4500   0.0000  8.1857e-04  1.1439e-04  2.0962e-07  7.1423e-07
   60   3.5000   2.1000   0.0000  6.1591e-04  8.0569e-05  5.0739e-07  1.1154e-06
  317   0.3500   3.5000   0.0000  1.2882e-03  5.3228e-04 -5.3675e-09 -1.6989e-08
  286   3.5000   0.3500   0.0000  4.9371e-05 -8.4496e-06 -5.2042e-17  8.1532e-17
  287   3.5000   0.7000   0.0000  1.1785e-04 -1.2329e-05  1.8562e-16 -1.2230e-16
  169   0.7000   3.8500   0.0000  1.6871e-03  1.6247e-04  1.4819e-15  5.9067e-16
   51   3.8500   0.0000   0.0000  0.0000e+00  0.0000e+00 -1.7524e-01  4.9166e-01
  151   0.0000   3.8500   0.0000  1.6949e-03  9.3647e-04  2.2178e-15 -3.8684e-16
  187   2.8000   3.8500   0.0000  1.6497e-03  5.6045e-04  9.3404e-16  7.6328e-17
  291   3.8500   0.3500   0.0000  4.6725e-05 -2.8526e-05  1.0582e-16  6.9389e-17
  292   3.8500   0.7000   0.0000  1.1616e-04 -5.3791e-05 -3.2439e-16  1.8301e-16
  293   3.8500   1.0500   0.0000  1.9962e-04 -6.9151e-05 -5.1391e-16  1.8735e-16
  294   3.8500   1.4000   0.0000  3.0531e-04 -7.2353e-05 -1.0591e-06 -1.1912e-06
  295   3.8500   1.7500   0.0000  4.5430e-04 -6.0147e-05 -2.1224e-06 -9.5830e-07
  328   3.5000   3.8500   0.0000  1.6446e-03  2.3063e-04 -7.7455e-16  5.8981e-17
  323   3.1500   3.8500   0.0000  1.6485e-03  3.8722e-04 -2.6966e-15 -2.6888e-16
  331   3.8500   3.1500   0.0000  1.3237e-03  7.2011e-05 -4.4395e-07  1.1775e-08
   76   3.8500   2.8000   0.0000  1.1356e-03  4.1084e-05  4.7167e-07 -1.0693e-07
  333   3.8500   3.8500   0.0000  1.6394e-03  9.7582e-05 -1.7781e-15  3.8164e-16
  309   3.8500   2.4500   0.0000  9.1940e-04  8.9507e-06  2.9678e-07  1.1754e-06
  332   3.8500   3.5000   0.0000  1.4786e-03  8.5424e-05 -2.3008e-09 -1.4555e-07
   61   3.8500   2.1000   0.0000  6.8076e-04 -2.4704e-05 -2.4581e-06  1.3702e-06
  318   0.3500   3.8500   0.0000  1.6911e-03  5.4914e-04 -1.1150e-15  5.5511e-17
    7   4.2000   0.0000   0.0000  0.0000e+00  0.0000e+00 -1.4788e-01  5.2407e-01
  197   4.2000   0.3500   0.0000  5.3790e-05 -7.0053e-05 -5.2909e-17  6.9389e-17
  198   4.2000   0.7000   0.0000  1.2080e-04 -1.1726e-04  2.4980e-16 -2.1511e-16
  200   4.2000   1.4000   0.0000  3.0932e-04 -1.8795e-04  8.9338e-17 -2.7756e-17
  170   0.7000   4.2000   0.0000  2.0830e-03  1.8881e-04  3.1029e-06 -5.4603e-06
  199   4.2000   1.0500   0.0000  2.0327e-04 -1.5430e-04  2.4590e-16 -2.5674e-16
  201   4.2000   1.7500   0.0000  4.6485e-04 -2.1619e-04 -8.1534e-07 -1.3419e-06
  152   0.0000   4.2000   0.0000  2.0947e-03  9.3637e-04 -3.1312e-16  2.7573e-15
  188   2.8000   4.2000   0.0000  1.8247e-03  5.6146e-04  3.2856e-15 -1.6297e-15
   12   4.2000   2.1000   0.0000  7.8964e-04 -1.3702e-04 -5.3759e-08  1.7279e-06
  203   4.2000   3.1500   0.0000  1.3421e-03 -3.6076e-05 -1.0252e-07 -3.3802e-07
  324   3.1500   4.2000   0.0000  1.8224e-03  3.8895e-04 -6.3673e-15  1.1623e-16
  329   3.5000   4.2000   0.0000  1.8156e-03  2.3831e-04  8.0416e-15 -1.3444e-15
  205   4.2000   3.8500   0.0000  1.6341e-03 -1.6068e-05 -2.4234e-15  6.9389e-16
  206   4.2000   4.2000   0.0000  1.7870e-03 -6.2827e-06  1.0297e-14  1.2230e-15
   18   4.2000   2.8000   0.0000  1.1982e-03 -5.4456e-05 -9.0183e-07  5.9021e-07
  204   4.2000   3.5000   0.0000  1.4836e-03 -2.5937e-05  2.5405e-08 -2.8924e-08
  334   3.8500   4.2000   0.0000  1.8017e-03  1.0860e-04 -7.8969e-15  1.0929e-15
  202   4.2000   2.4500   0.0000  1.0335e-03 -8.3134e-05 -9.2521e-07  9.6221e-09
  319   0.3500   4.2000   0.0000  2.0920e-03  5.6768e-04  5.0387e-06  3.2048e-06
  171   0.7000   4.5500   0.0000  2.4642e-03  2.5490e-04 -5.2978e-06 -2.8890e-06
  153   0.0000   4.5500   0.0000  2.4567e-03  9.0388e-04 -7.9293e-08  5.7225e-08
  189   2.8000   4.5500   0.0000  2.0105e-03  5.5805e-04 -4.3802e-16 -6.1062e-16
   62   4.5500   2.1000   0.0000  1.0598e-03 -1.3119e-04  2.5931e-07  2.6925e-08
  320   0.3500   4.5500   0.0000  2.4616e-03  5.9672e-04 -2.5318e-06  5.3250e-06
  325   3.1500   4.5500   0.0000  2.0108e-03  3.8121e-04 -2.8805e-15  3.1910e-15
  330   3.5000   4.5500   0.0000  1.9884e-03  2.4547e-04  5.9033e-15 -1.2490e-15
   77   4.5500   2.8000   0.0000  1.2336e-03 -1.3271e-04  3.5663e-07 -4.4230e-07
  207   4.2000   4.5500   0.0000  1.9381e-03  3.8110e-06  1.6809e-15  2.6897e-15
  336   4.5500   3.1500   0.0000  1.3541e-03 -1.2754e-04  1.4831e-07 -2.3189e-07
  337   4.5500   3.5000   0.0000  1.4879e-03 -1.2144e-04  3.0618e-15 -8.3267e-17
  338   4.5500   3.8500   0.0000  1.6294e-03 -1.1534e-04  3.1398e-15  4.3021e-16
  339   4.5500   4.2000   0.0000  1.7741e-03 -1.0887e-04 -4.5467e-15  1.3115e-15
  340   4.5500   4.5500   0.0000  1.9178e-03 -1.0221e-04 -1.8004e-15 -1.0278e-15
  310   4.5500   2.4500   0.0000  1.1309e-03 -1.3685e-04  5.1262e-07 -6.1668e-08
  335   3.8500   4.5500   0.0000  1.9623e-03  1.1980e-04 -3.9725e-16 -2.6212e-15
   21   0.0000   4.9000   0.0000  2.7147e-03  8.4596e-04 -2.9193e-07  9.6144e-08
   63   4.9000   2.1000   0.0000  1.0861e-03 -1.9800e-04  1.0113e-15 -5.6986e-16
   22   0.7000   4.9000   0.0000  2.7227e-03  6.2597e-04  1.2472e-06 -1.1019e-06
   23   2.8000   4.9000   0.0000  2.2594e-03  5.1638e-04 -1.6376e-15 -1.4676e-15
  343   4.9000   3.8500   0.0000  1.6258e-03 -2.0397e-04 -2.9724e-15 -1.8735e-15
  342   4.9000   3.5000   0.0000  1.4912e-03 -2.0561e-04 -3.0045e-15  6.2277e-16
  341   4.9000   3.1500   0.0000  1.3650e-03 -2.0641e-04  1.2542e-15 -1.0391e-15
  311   4.9000   2.4500   0.0000  1.1599e-03 -2.0256e-04  1.5300e-07 -5.9366e-08
   78   4.9000   2.8000   0.0000  1.2520e-03 -2.0611e-04  9.1824e-09 -5.9363e-08
  344   4.9000   4.2000   0.0000  1.7639e-03 -2.0160e-04 -6.8522e-16  6.7654e-17
   83   0.3500   4.9000   0.0000  2.7317e-03  6.3855e-04  1.5950e-06  5.6770e-07
   24   4.2000   4.9000   0.0000  2.0840e-03  1.4483e-05  3.9690e-15 -1.5474e-15
   89   3.1500   4.9000   0.0000  2.2003e-03  3.8430e-04  4.2587e-15  1.0894e-15
   90   3.5000   4.9000   0.0000  2.1551e-03  2.5693e-04 -1.0266e-14  6.3317e-16
   91   3.8500   4.9000   0.0000  2.1167e-03  1.3354e-04 -5.7246e-17 -2.5414e-16
   92   4.5500   4.9000   0.0000  2.0570e-03 -9.5849e-05 -3.1676e-15 -5.1174e-17
   93   4.9000   4.9000   0.0000  2.0351e-03 -1.9536e-04 -4.9375e-15  1.2837e-16
  345   4.9000   4.5500   0.0000  1.9015e-03 -1.9862e-04  9.1030e-16 -1.5101e-15
  154   0.0000   5.2500   0.0000  3.0000e-03  7.5952e-04  2.5798e+00  2.2339e-08
   64   5.2500   2.1000   0.0000  1.1097e-03 -2.6518e-04 -1.3184e-16 -1.5146e-16
   84   1.0500   4.9000   0.0000  2.6646e-03  6.8061e-04  3.2321e-08 -2.3106e-07
   88   2.4500   4.9000   0.0000  2.3741e-03  5.5441e-04  1.9984e-15 -3.4738e-16
  172   0.7000   5.2500   0.0000  2.7280e-03  6.9597e-04 -1.6951e-06 -6.3929e-07
  350   5.2500   4.5500   0.0000  1.8888e-03 -2.8783e-04 -3.2053e-15  1.3184e-15
  312   5.2500   2.4500   0.0000  1.1793e-03 -2.6915e-04  2.6368e-16  1.3691e-15
  190   2.8000   5.2500   0.0000  2.3954e-03  4.9853e-04  1.0755e-15 -9.4542e-16
   79   5.2500   2.8000   0.0000  1.2662e-03 -2.7312e-04 -1.4259e-15 -9.4022e-16
  208   4.2000   5.2500   0.0000  2.2217e-03  2.5105e-05  4.4773e-15  1.7694e-16
  346   5.2500   3.1500   0.0000  1.3734e-03 -2.7764e-04  3.0323e-15  6.6613e-16
  347   5.2500   3.5000   0.0000  1.4945e-03 -2.8208e-04  2.0296e-15 -4.8572e-17
  348   5.2500   3.8500   0.0000  1.6236e-03 -2.8549e-04  5.9388e-15  7.7369e-16
  349   5.2500   4.2000   0.0000  1.7564e-03 -2.8743e-04 -2.7582e-15  8.6910e-16
   94   5.2500   4.9000   0.0000  2.0170e-03 -2.8667e-04  6.8391e-16 -1.1467e-15
  366   0.3500   5.2500   0.0000  2.8277e-03  7.1838e-04 -7.8840e-07  1.3539e-06
  367   1.0500   5.2500   0.0000  2.6659e-03  6.9164e-04 -1.3794e-07 -2.3600e-07
  371   2.4500   5.2500   0.0000  2.4425e-03  5.6668e-04  1.4884e-15  6.8348e-16
  372   3.1500   5.2500   0.0000  2.3487e-03  3.9164e-04  5.0099e-15 -1.6480e-17
  373   3.5000   5.2500   0.0000  2.3038e-03  2.7239e-04 -6.8643e-15 -1.2195e-15
  374   3.8500   5.2500   0.0000  2.2616e-03  1.5049e-04 -1.9117e-15  4.5623e-16
  375   4.5500   5.2500   0.0000  2.1892e-03 -9.0771e-05  2.0435e-15 -1.0820e-15
  376   4.9000   5.2500   0.0000  2.1589e-03 -1.9116e-04 -2.7686e-15  1.3965e-15
  377   5.2500   5.2500   0.0000  2.1345e-03 -2.8378e-04  9.5583e-16  6.5659e-16
   27   0.0000   5.6000   0.0000  2.7865e-03  7.2016e-04 -2.4763e-15  2.4633e-16
   65   5.6000   2.1000   0.0000  1.1301e-03 -3.2334e-04 -5.1088e-16 -4.8204e-16
   85   1.4000   4.9000   0.0000  2.5932e-03  6.6736e-04 -5.5511e-17  1.5030e-15
   87   2.1000   4.9000   0.0000  2.4535e-03  5.9968e-04  9.1246e-16 -4.3195e-16
  107   4.5500   5.6000   0.0000  2.3102e-03 -8.3450e-05 -5.3776e-16 -8.0621e-16
  108   4.9000   5.6000   0.0000  2.2674e-03 -1.8506e-04  1.7000e-16  2.7474e-16
  109   5.2500   5.6000   0.0000  2.2369e-03 -2.7939e-04  2.6368e-16  5.6097e-16
  110   5.6000   5.6000   0.0000  2.2168e-03 -3.7057e-04 -6.7828e-16  1.9500e-15
   30   4.2000   5.6000   0.0000  2.3695e-03  3.6268e-05 -7.8583e-16  8.6563e-16
   28   0.7000   5.6000   0.0000  2.7356e-03  7.3240e-04  2.9644e-08 -1.0928e-07
   29   2.8000   5.6000   0.0000  2.4958e-03  4.8818e-04 -9.3849e-16 -2.9755e-15
  313   5.6000   2.4500   0.0000  1.1901e-03 -3.2746e-04  3.7435e-15 -2.6368e-16
   95   5.6000   4.9000   0.0000  2.0032e-03 -3.7459e-04  8.0256e-15  4.3455e-16
   98   0.3500   5.6000   0.0000  2.7856e-03  7.6189e-04 -1.4952e-07  3.9570e-08
   80   5.6000   2.8000   0.0000  1.2743e-03 -3.3288e-04 -3.5354e-15  6.5052e-16
  355   5.6000   4.5500   0.0000  1.8793e-03 -3.7362e-04  9.8879e-17  4.8746e-16
  351   5.6000   3.1500   0.0000  1.3804e-03 -3.4375e-04  2.5292e-15  3.1745e-16
  352   5.6000   3.5000   0.0000  1.4980e-03 -3.5471e-04 -1.7521e-15 -1.2065e-15
  353   5.6000   3.8500   0.0000  1.6230e-03 -3.6365e-04  1.8588e-15 -7.8583e-16
  354   5.6000   4.2000   0.0000  1.7513e-03 -3.6999e-04  3.4677e-15 -5.9674e-16
   99   1.0500   5.6000   0.0000  2.6858e-03  7.1086e-04 -3.5683e-15 -3.4655e-15
  100   1.4000   5.6000   0.0000  2.6432e-03  6.8814e-04 -7.2338e-16  6.9638e-16
  102   2.1000   5.6000   0.0000  2.5637e-03  6.1501e-04 -6.1756e-16 -5.9067e-16
  103   2.4500   5.6000   0.0000  2.5278e-03  5.6124e-04 -4.5935e-15  1.6272e-15
  104   3.1500   5.6000   0.0000  2.4663e-03  3.9372e-04 -1.0426e-15  3.2108e-15
  105   3.5000   5.6000   0.0000  2.4356e-03  2.8517e-04 -3.2674e-15 -2.3904e-15
  106   3.8500   5.6000   0.0000  2.4041e-03  1.6961e-04  4.5927e-15  2.5882e-15
  368   1.4000   5.2500   0.0000  2.6150e-03  6.7985e-04 -3.9517e-15  1.3475e-15
  370   2.1000   5.2500   0.0000  2.5030e-03  6.1084e-04  4.2952e-15  2.2817e-15
  378   5.6000   5.2500   0.0000  2.1169e-03 -3.7328e-04  3.3684e-15 -1.5521e-15
  209   4.2000   5.9500   0.0000  2.5356e-03  5.8055e-05 -3.7788e-15  6.5919e-16
  155   0.0000   5.9500   0.0000  2.7509e-03  7.5232e-04  2.4501e-15 -7.1124e-16
   66   5.9500   2.1000   0.0000  1.1428e-03 -3.6523e-04  1.8926e-15  8.4221e-16
   86   1.7500   4.9000   0.0000  2.5238e-03  6.3830e-04  2.0643e-15 -2.9462e-15
  111   5.9500   5.6000   0.0000  2.2058e-03 -4.6213e-04 -2.1615e-15  1.6415e-16
  386   1.0500   5.9500   0.0000  2.7061e-03  7.2386e-04 -6.5399e-16 -4.0454e-15
  391   1.4000   5.9500   0.0000  2.6791e-03  6.9376e-04 -3.0653e-15  3.5452e-15
  396   1.7500   5.9500   0.0000  2.6529e-03  6.5718e-04  6.1964e-15  3.7297e-16
  401   2.1000   5.9500   0.0000  2.6285e-03  6.1117e-04 -4.3377e-15 -2.1571e-15
  406   2.4500   5.9500   0.0000  2.6065e-03  5.5289e-04  6.6006e-16 -5.9154e-16
  416   3.5000   5.9500   0.0000  2.5535e-03  2.9164e-04  3.3272e-15  2.2504e-15
  411   3.1500   5.9500   0.0000  2.5697e-03  3.9144e-04 -4.9396e-15 -1.1154e-15
  421   3.8500   5.9500   0.0000  2.5404e-03  1.8315e-04  4.2725e-15 -1.3444e-15
  173   0.7000   5.9500   0.0000  2.7307e-03  7.5033e-04 -1.5560e-15 -1.4355e-16
  314   5.9500   2.4500   0.0000  1.1903e-03 -3.6574e-04 -5.9328e-16  6.3404e-16
  191   2.8000   5.9500   0.0000  2.5873e-03  4.7966e-04  6.4653e-15  9.0292e-16
   81   5.9500   2.8000   0.0000  1.2820e-03 -3.8647e-04 -4.0072e-16  4.6968e-16
  101   1.7500   5.6000   0.0000  2.6035e-03  6.5644e-04 -3.2196e-15 -8.0816e-16
   96   5.9500   4.9000   0.0000  1.9936e-03 -4.6326e-04 -3.6313e-15  1.7469e-15
  356   5.9500   3.1500   0.0000  1.3876e-03 -4.0897e-04 -1.5370e-15  1.0643e-15
  357   5.9500   3.5000   0.0000  1.5025e-03 -4.2783e-04 -5.1114e-15  9.7090e-17
  358   5.9500   3.8500   0.0000  1.6239e-03 -4.4257e-04 -5.5858e-16 -7.8778e-16
  359   5.9500   4.2000   0.0000  1.7486e-03 -4.5329e-04 -8.8297e-16 -1.2546e-15
  360   5.9500   4.5500   0.0000  1.8730e-03 -4.6013e-04  5.0793e-15  1.0400e-15
  369   1.7500   5.2500   0.0000  2.5604e-03  6.4994e-04 -5.7662e-15  6.5367e-16
  379   5.9500   5.2500   0.0000  2.1056e-03 -4.6317e-04  2.8550e-15 -4.2139e-15
  381   0.3500   5.9500   0.0000  2.7422e-03  7.6245e-04  2.9525e-15  2.5223e-15
  156   0.0000   6.3000   0.0000  2.7535e-03  7.8752e-04 -1.3080e-15 -1.0651e-15
  210   4.2000   6.3000   0.0000  2.6470e-03  8.7989e-05  7.1818e-16 -8.4655e-16
   13   6.3000   2.1000   0.0000  1.1183e-03 -3.3348e-04 -3.3636e-15 -6.9042e-16
   31   6.3000   5.6000   0.0000  2.2028e-03 -5.5533e-04  6.7478e-15  1.3492e-15
  387   1.0500   6.3000   0.0000  2.7336e-03  7.2814e-04  5.6400e-15  4.6397e-15
  392   1.4000   6.3000   0.0000  2.7201e-03  6.9445e-04  3.0817e-15 -6.0715e-18
  402   2.1000   6.3000   0.0000  2.6923e-03  6.0442e-04 -1.7356e-15 -1.5994e-15
   19   6.3000   2.8000   0.0000  1.2935e-03 -4.4599e-04 -1.1154e-15 -8.5869e-16
  407   2.4500   6.3000   0.0000  2.6804e-03  5.4401e-04  5.5919e-15  1.3618e-15
   25   6.3000   4.9000   0.0000  1.9878e-03 -5.5647e-04 -9.0605e-15  1.8891e-15
  412   3.1500   6.3000   0.0000  2.6618e-03  3.8715e-04 -2.7933e-15  9.0379e-16
  417   3.5000   6.3000   0.0000  2.6552e-03  2.9322e-04  4.7258e-15  2.6030e-15
  422   3.8500   6.3000   0.0000  2.6515e-03  1.9144e-04  2.2324e-15 -1.5630e-15
  174   0.7000   6.3000   0.0000  2.7431e-03  7.5472e-04 -7.0863e-15 -1.8106e-16
  192   2.8000   6.3000   0.0000  2.6702e-03  4.7144e-04  1.1588e-15 -2.6541e-15
  397   1.7500   6.3000   0.0000  2.7058e-03  6.5388e-04 -3.1442e-15 -3.4478e-16
  220   6.3000   2.4500   0.0000  1.2008e-03 -4.0065e-04 -1.1675e-15 -1.0061e-15
  221   6.3000   3.1500   0.0000  1.3965e-03 -4.8027e-04 -1.0096e-15 -9.5757e-16
  222   6.3000   3.5000   0.0000  1.5081e-03 -5.0647e-04  1.9394e-15  3.3307e-16
  223   6.3000   3.8500   0.0000  1.6265e-03 -5.2655e-04  7.5114e-16  2.8016e-15
  224   6.3000   4.2000   0.0000  1.7482e-03 -5.4132e-04 -1.2195e-15  1.3390e-16
  225   6.3000   4.5500   0.0000  1.8698e-03 -5.5119e-04 -4.6647e-15 -2.4219e-15
  226   6.3000   5.2500   0.0000  2.0988e-03 -5.5746e-04  2.4217e-15 -2.5555e-16
  382   0.3500   6.3000   0.0000  2.7487e-03  7.7293e-04  2.5220e-15 -1.8908e-15
  157   0.0000   6.6500   0.0000  2.7824e-03  8.1653e-04  2.3037e-15  1.0894e-15
  211   4.2000   6.6500   0.0000  2.7369e-03  1.1197e-04 -2.2092e-15 -1.5023e-15
  219   6.3000   1.7500   0.0000  9.1987e-04 -1.8461e-04  4.4929e-16 -4.9960e-16
  227   6.3000   5.9500   0.0000  2.3124e-03 -5.4956e-04 -4.3997e-16 -1.7174e-16
  388   1.0500   6.6500   0.0000  2.7724e-03  7.2769e-04  6.1556e-15 -1.5923e-15
  393   1.4000   6.6500   0.0000  2.7672e-03  6.9155e-04 -3.1897e-16 -3.4336e-15
  398   1.7500   6.6500   0.0000  2.7612e-03  6.4836e-04  1.6423e-15 -4.3368e-17
  403   2.1000   6.6500   0.0000  2.7553e-03  5.9675e-04 -1.5409e-15  2.9386e-15
  408   2.4500   6.6500   0.0000  2.7502e-03  5.3539e-04  6.2368e-15  3.9205e-16
  175   0.7000   6.6500   0.0000  2.7759e-03  7.5812e-04 -2.4212e-15 -1.7659e-15
  413   3.1500   6.6500   0.0000  2.7433e-03  3.8237e-04  3.1225e-16  8.8211e-16
  418   3.5000   6.6500   0.0000  2.7414e-03  2.9328e-04 -1.4364e-15  1.8969e-15
  423   3.8500   6.6500   0.0000  2.7398e-03  2.0051e-04 -2.9642e-16 -4.2587e-16
  426   6.6500   5.9500   0.0000  2.3120e-03 -6.6050e-04  6.7649e-16 -1.7950e-15
  300   6.6500   1.7500   0.0000  9.3951e-04 -3.6701e-04 -1.6916e-15 -1.8041e-16
  315   6.6500   2.4500   0.0000  1.2170e-03 -4.7882e-04  8.4535e-16 -7.9103e-16
  193   2.8000   6.6500   0.0000  2.7462e-03  4.6372e-04 -7.4715e-15 -1.7798e-15
   67   6.6500   2.1000   0.0000  1.1110e-03 -4.2511e-04  4.6256e-15  7.7369e-16
   82   6.6500   2.8000   0.0000  1.3074e-03 -5.2482e-04  7.7108e-16  2.0487e-15
   97   6.6500   4.9000   0.0000  1.9854e-03 -6.5688e-04  2.1380e-15  1.3997e-16
  361   6.6500   3.1500   0.0000  1.4058e-03 -5.6365e-04  5.7209e-15  3.4694e-16
  362   6.6500   3.5000   0.0000  1.5143e-03 -5.9510e-04 -2.8029e-15 -1.0061e-15
  363   6.6500   3.8500   0.0000  1.6302e-03 -6.1984e-04 -1.9498e-15 -1.1675e-15
  364   6.6500   4.2000   0.0000  1.7499e-03 -6.3801e-04 -2.7951e-16 -1.5439e-15
  365   6.6500   4.5500   0.0000  1.8694e-03 -6.5007e-04  1.7456e-16  6.2970e-16
  112   6.6500   5.6000   0.0000  2.2028e-03 -6.6027e-04 -4.5693e-15  1.0809e-16
  380   6.6500   5.2500   0.0000  2.0958e-03 -6.5952e-04 -2.8569e-15 -2.4102e-16
  383   0.3500   6.6500   0.0000  2.7785e-03  7.8541e-04  2.8883e-16 -3.1572e-16
   14   7.0000   2.1000   0.0000  1.1122e-03 -5.6319e-04 -1.3137e-15  8.1012e-16
   20   7.0000   2.8000   0.0000  1.3181e-03 -6.1746e-04 -1.1360e-15  3.4001e-16
   26   7.0000   4.9000   0.0000  1.9854e-03 -7.6529e-04 -2.0911e-15 -3.5930e-16
   32   7.0000   5.6000   0.0000  2.2032e-03 -7.6873e-04  6.5432e-16  3.2385e-16
  158   0.0000   7.0000   0.0000  2.8254e-03  8.3832e-04 -7.6527e-15  3.6082e-16
  212   4.2000   7.0000   0.0000  2.8140e-03  1.2844e-04 -1.6046e-17  3.7470e-16
  218   6.3000   1.4000   0.0000  6.9501e-04 -8.0785e-05  5.3083e-16 -2.4980e-16
  228   6.3000   6.3000   0.0000  2.4258e-03 -5.4513e-04  1.4980e-15  8.6302e-17
  236   7.0000   1.4000   0.0000  7.2518e-04 -5.0291e-04  8.5869e-16  3.1225e-16
  237   7.0000   1.7500   0.0000  9.4487e-04 -5.4278e-04  1.8119e-15 -1.2490e-16
  238   7.0000   2.4500   0.0000  1.2264e-03 -5.8320e-04  2.9490e-17 -9.9400e-16
  239   7.0000   3.1500   0.0000  1.4144e-03 -6.5952e-04 -1.8618e-15 -6.1756e-16
  240   7.0000   3.5000   0.0000  1.5208e-03 -6.9746e-04  2.1858e-16 -8.1879e-16
  241   7.0000   3.8500   0.0000  1.6349e-03 -7.2724e-04  1.3362e-15  6.5226e-16
  242   7.0000   4.2000   0.0000  1.7527e-03 -7.4788e-04  4.2154e-16  1.3427e-15
  243   7.0000   4.5500   0.0000  1.8706e-03 -7.5995e-04  3.8528e-15  3.9118e-16
  244   7.0000   5.2500   0.0000  2.0954e-03 -7.6708e-04  1.0769e-15 -1.7098e-16
  245   7.0000   5.9500   0.0000  2.3125e-03 -7.7140e-04 -6.6171e-16  4.1156e-16
  246   7.0000   6.3000   0.0000  2.4255e-03 -7.7443e-04 -6.4727e-17  3.7297e-17
  384   0.3500   7.0000   0.0000  2.8228e-03  7.9646e-04  9.1533e-15 -1.9949e-16
  427   6.6500   6.3000   0.0000  2.4253e-03 -6.5983e-04 -2.9604e-16  1.2022e-15
  389   1.0500   7.0000   0.0000  2.8208e-03  7.2621e-04  2.5535e-15 -4.4452e-16
  394   1.4000   7.0000   0.0000  2.8199e-03  6.8738e-04 -7.6805e-16  1.8108e-15
  399   1.7500   7.0000   0.0000  2.8187e-03  6.4232e-04 -6.6635e-16  1.1061e-15
  409   2.4500   7.0000   0.0000  2.8170e-03  5.2784e-04 -1.1372e-14 -6.0802e-16
  414   3.1500   7.0000   0.0000  2.8168e-03  3.7848e-04  5.9501e-15  1.9190e-15
  419   3.5000   7.0000   0.0000  2.8166e-03  2.9380e-04 -2.2725e-15 -1.2243e-15
  424   3.8500   7.0000   0.0000  2.8159e-03  2.0789e-04 -2.4095e-15 -6.8326e-16
  299   6.6500   1.4000   0.0000  7.1117e-04 -2.9249e-04 -1.9706e-15 -1.3878e-17
  176   0.7000   7.0000   0.0000  2.8215e-03  7.6124e-04 -4.8789e-15  3.7344e-15
  194   2.8000   7.0000   0.0000  2.8168e-03  4.5723e-04  4.9511e-15 -2.0513e-16
  404   2.1000   7.0000   0.0000  2.8177e-03  5.8947e-04  1.4229e-15 -9.3588e-16
  213   4.2000   7.3500   0.0000  2.8845e-03  1.3753e-04  1.1822e-15  2.2812e-16
  229   6.3000   6.6500   0.0000  2.5425e-03 -5.4125e-04 -2.2676e-15  7.0256e-16
  235   7.0000   1.0500   0.0000  4.8614e-04 -4.2758e-04 -1.1866e-15 -1.3878e-16
  217   6.3000   1.0500   0.0000  4.5668e-04 -9.9293e-06  6.0889e-16 -4.3715e-16
  247   7.0000   6.6500   0.0000  2.5422e-03 -7.7693e-04 -7.2994e-17 -1.3533e-15
  159   0.0000   7.3500   0.0000  2.8771e-03  8.5327e-04 -1.0508e-15  3.5007e-15
  385   0.3500   7.3500   0.0000  2.8752e-03  8.0461e-04  1.7174e-16 -2.0019e-15
  195   2.8000   7.3500   0.0000  2.8842e-03  4.5245e-04  5.8890e-15  4.4669e-16
  420   3.5000   7.3500   0.0000  2.8863e-03  2.9497e-04 -4.9266e-16 -4.7965e-16
  390   1.0500   7.3500   0.0000  2.8751e-03  7.2490e-04 -7.1531e-15 -7.1384e-16
  425   3.8500   7.3500   0.0000  2.8852e-03  2.1262e-04  2.3870e-15  8.1987e-16
  298   6.6500   1.0500   0.0000  4.6950e-04 -2.1877e-04  3.5041e-16 -1.3878e-17
  395   1.4000   7.3500   0.0000  2.8762e-03  6.8359e-04  7.4177e-15  5.2866e-16
  428   6.6500   6.6500   0.0000  2.5420e-03 -6.5909e-04  6.8901e-17 -8.8779e-16
  400   1.7500   7.3500   0.0000  2.8778e-03  6.3705e-04  1.4832e-16 -2.6455e-16
  177   0.7000   7.3500   0.0000  2.8749e-03  7.6371e-04  5.7940e-16 -1.7083e-15
  405   2.1000   7.3500   0.0000  2.8797e-03  5.8346e-04  1.4680e-15 -1.1454e-15
  410   2.4500   7.3500   0.0000  2.8820e-03  5.2192e-04 -1.7941e-15 -2.4980e-16
  415   3.1500   7.3500   0.0000  2.8859e-03  3.7608e-04 -5.7762e-15 -1.3184e-15
   33   0.0000   7.7000   0.0000  2.9332e-03  8.6213e-04  5.7604e-16 -2.8883e-16
  230   6.3000   7.0000   0.0000  2.6621e-03 -5.3789e-04  6.3929e-15  1.4329e-15
  234   7.0000   0.7000   0.0000  2.6692e-04 -3.1818e-04  1.2837e-16 -1.3878e-17
  216   6.3000   0.7000   0.0000  2.3683e-04  2.7400e-05  6.6787e-16  6.9389e-17
  248   7.0000   7.0000   0.0000  2.6618e-03 -7.7888e-04  1.5901e-15 -3.7275e-16
   36   4.2000   7.7000   0.0000  2.9493e-03  1.3784e-04 -1.2039e-15 -9.3892e-16
   34   0.7000   7.7000   0.0000  2.9315e-03  7.6579e-04  1.4456e-14  9.4629e-16
   35   2.8000   7.7000   0.0000  2.9502e-03  4.4928e-04 -7.8730e-15  3.0583e-15
  113   0.3500   7.7000   0.0000  2.9330e-03  8.0917e-04 -7.1490e-15 -1.6090e-16
  297   6.6500   0.7000   0.0000  2.4695e-04 -1.4533e-04 -1.0304e-15  5.4123e-16
  429   6.6500   7.0000   0.0000  2.6617e-03 -6.5838e-04 -4.8613e-15  1.4012e-15
  114   1.0500   7.7000   0.0000  2.9318e-03  7.2406e-04  7.0074e-15  1.2321e-15
  115   1.4000   7.7000   0.0000  2.9338e-03  6.8081e-04 -2.1259e-15  1.5034e-15
  116   1.7500   7.7000   0.0000  2.9371e-03  6.3316e-04 -4.6547e-15  2.7921e-16
  117   2.1000   7.7000   0.0000  2.9413e-03  5.7912e-04  1.7963e-15 -5.0860e-16
  118   2.4500   7.7000   0.0000  2.9458e-03  5.1777e-04 -6.8738e-17 -3.6149e-15
  119   3.1500   7.7000   0.0000  2.9537e-03  3.7484e-04  7.7675e-15 -1.7113e-15
  120   3.5000   7.7000   0.0000  2.9555e-03  2.9644e-04  1.7444e-15 -1.0940e-16
  121   3.8500   7.7000   0.0000  2.9543e-03  2.1661e-04 -5.1825e-15  7.5515e-17
  160   0.0000   8.0500   0.0000  3.0000e-03  8.6301e-04  1.6159e-01 -3.2986e-15
  231   6.3000   7.3500   0.0000  2.7840e-03 -5.3503e-04 -8.8270e-16 -1.1514e-15
  233   7.0000   0.3500   0.0000  1.0198e-04 -1.7622e-04  2.2551e-17  2.7756e-16
  215   6.3000   0.3500   0.0000  7.1922e-05  2.8886e-05 -6.2450e-17  2.9490e-17
  249   7.0000   7.3500   0.0000  2.7838e-03 -7.8027e-04 -3.8080e-15 -9.8554e-17
  122   4.5500   7.7000   0.0000  2.9371e-03  4.4042e-05 -1.2785e-15 -1.1503e-16
  196   2.8000   8.0500   0.0000  3.0168e-03  4.4717e-04 -4.4196e-15 -5.2833e-16
  214   4.2000   8.0500   0.0000  3.0321e-03  1.3679e-04  3.6564e-15  3.0864e-15
  296   6.6500   0.3500   0.0000  7.6065e-05 -7.0191e-05  2.2031e-16  1.2490e-16
  434   1.7500   8.0500   0.0000  2.9948e-03  6.3068e-04 -1.0091e-14  3.4488e-16
  430   6.6500   7.3500   0.0000  2.7838e-03 -6.5771e-04  1.3419e-15 -2.9393e-15
  431   0.3500   8.0500   0.0000  2.9894e-03  8.1334e-04 -2.0489e-15  6.6863e-15
  432   1.0500   8.0500   0.0000  2.9863e-03  7.2356e-04 -4.0567e-15 -1.5634e-15
  433   1.4000   8.0500   0.0000  2.9894e-03  6.7906e-04 -5.4574e-15 -3.1467e-15
  178   0.7000   8.0500   0.0000  2.9859e-03  7.6732e-04 -4.7252e-15 -4.3455e-16
  435   2.1000   8.0500   0.0000  3.0018e-03  5.7633e-04  6.5204e-15 -2.7181e-15
  436   2.4500   8.0500   0.0000  3.0094e-03  5.1508e-04  4.5784e-15  1.6546e-15
  437   3.1500   8.0500   0.0000  3.0232e-03  3.7390e-04  1.2651e-14  2.4478e-15
  438   3.5000   8.0500   0.0000  3.0279e-03  2.9723e-04 -4.5435e-15  1.6799e-15
  439   3.8500   8.0500   0.0000  3.0306e-03  2.1880e-04 -4.3492e-15 -2.9649e-15
  440   4.5500   8.0500   0.0000  3.0334e-03  4.5035e-05 -6.5754e-15  2.5923e-15
    2   7.0000   0.0000   0.0000  0.0000e+00  0.0000e+00 -2.4034e-01  1.1948e+00
    4   0.0000   8.4000   0.0000  3.0368e-03  8.6083e-04  8.5872e-16 -8.5538e-16
    8   6.3000   0.0000   0.0000  0.0000e+00  0.0000e+00 -5.0532e-02 -9.4701e-02
  128   0.3500   8.4000   0.0000  3.0382e-03  8.1637e-04  2.0708e-15  2.8087e-15
  129   1.0500   8.4000   0.0000  3.0354e-03  7.2311e-04  1.2772e-15 -1.0406e-15
  131   1.7500   8.4000   0.0000  3.0490e-03  6.2865e-04 -7.3335e-16  3.5579e-15
  133   2.4500   8.4000   0.0000  3.0734e-03  5.1272e-04 -7.6935e-16  1.2505e-15
  134   3.1500   8.4000   0.0000  3.0956e-03  3.7246e-04  3.3563e-15 -6.7291e-16
  135   3.5000   8.4000   0.0000  3.1037e-03  2.9656e-04 -7.0820e-15 -3.9568e-16
  137   4.5500   8.4000   0.0000  3.1292e-03  4.3655e-05 -4.3628e-15  1.4878e-15
  138   4.9000   8.4000   0.0000  3.1383e-03 -5.8180e-05 -5.0359e-15  4.8995e-16
  130   1.4000   8.4000   0.0000  3.0401e-03  6.7768e-04  1.8141e-15  3.3372e-16
  132   2.1000   8.4000   0.0000  3.0607e-03  5.7397e-04  4.2379e-15 -6.7137e-16
   38   7.0000   7.7000   0.0000  2.9075e-03 -7.8100e-04 -3.7511e-15  1.7917e-15
   39   0.7000   8.4000   0.0000  3.0354e-03  7.6806e-04 -1.6548e-15 -2.5389e-15
   40   2.8000   8.4000   0.0000  3.0855e-03  4.4513e-04 -4.0046e-15  5.4178e-16
   41   4.2000   8.4000   0.0000  3.1196e-03  1.3530e-04  3.9990e-15  1.0294e-15
  136   3.8500   8.4000   0.0000  3.1111e-03  2.1829e-04  1.2703e-15 -3.4866e-15
   52   6.6500   0.0000   0.0000  0.0000e+00  0.0000e+00 -7.0921e-02  1.0067e+00
  123   4.9000   7.7000   0.0000  2.9278e-03 -5.8317e-05  3.4456e-15 -1.7012e-15
   37   6.3000   7.7000   0.0000  2.9082e-03 -5.3254e-04 -8.8314e-15  2.1086e-15
  441   4.9000   8.0500   0.0000  3.0331e-03 -5.7451e-05  7.7904e-15 -3.7067e-15
  127   6.6500   7.7000   0.0000  2.9076e-03 -6.5714e-04  7.1120e-15 -1.9516e-17
  124   5.2500   7.7000   0.0000  2.9202e-03 -1.6881e-04 -4.7501e-15  2.7308e-15
  139   5.2500   8.4000   0.0000  3.1456e-03 -1.6872e-04  3.6358e-15  1.7253e-15
  250   7.0000   8.0500   0.0000  3.0320e-03 -7.8125e-04  1.7065e-15  5.3155e-16
  126   5.9500   7.7000   0.0000  2.9105e-03 -4.0737e-04 -3.1764e-15 -6.0279e-16
  232   6.3000   8.0500   0.0000  3.0324e-03 -5.3167e-04  1.1400e-16  1.3546e-15
  445   6.6500   8.0500   0.0000  3.0321e-03 -6.5662e-04  7.2227e-15  1.2210e-15
  444   5.9500   8.0500   0.0000  3.0326e-03 -4.0713e-04  4.1744e-16 -1.9044e-15
  442   5.2500   8.0500   0.0000  3.0329e-03 -1.6811e-04 -2.3240e-16  2.4409e-15
    3   7.0000   8.4000   0.0000  3.1567e-03 -7.8128e-04 -9.0595e-16 -2.3526e-15
   42   6.3000   8.4000   0.0000  3.1562e-03 -5.3155e-04  2.4861e-15  1.3345e-15
  140   5.6000   8.4000   0.0000  3.1510e-03 -2.8572e-04 -2.9100e-15 -8.9832e-16
  141   5.9500   8.4000   0.0000  3.1545e-03 -4.0736e-04 -9.2114e-16 -1.8304e-15
  142   6.6500   8.4000   0.0000  3.1567e-03 -6.5646e-04 -5.0628e-15  6.7057e-16
  125   5.6000   7.7000   0.0000  2.9145e-03 -2.8577e-04  4.9019e-15 -2.0065e-15
  443   5.6000   8.0500   0.0000  3.0327e-03 -2.8527e-04  7.4333e-15 -2.6763e-15
