Time   1.0000
  209   0.5000  -0.5000   0.0000 -2.5413e-02  0.0000e+00 -3.0909e-14  8.2315e+00
  208   0.0000  -0.5000   0.0000 -2.5673e-02  0.0000e+00  2.2204e-14 -1.3080e+00
   10   0.5000   0.0000   0.0000 -2.5151e-02 -7.7269e-04  6.3552e-06  3.9085e-06
    1   0.0000   0.0000   0.0000 -2.5132e-02  2.9972e-05 -2.7395e-06  1.8165e-06
   19   1.0000   0.0000   0.0000 -2.4338e-02 -4.7505e-03 -7.4216e-07 -1.3182e-06
    2   0.0000   0.5000   0.0000 -2.3011e-02  1.2387e-03 -2.0199e-06  7.8879e-06
   11   0.5000   0.5000   0.0000 -2.2871e-02 -1.1802e-03  6.8159e-06 -9.9772e-06
   20   1.0000   0.5000   0.0000 -2.1836e-02 -4.4454e-03  5.4157e-07  7.3989e-07
    3   0.0000   1.0000   0.0000 -2.0426e-02  1.1794e-03 -3.8073e-06 -1.8549e-07
   28   1.5000   0.0000   0.0000 -2.3334e-02 -8.1292e-03  1.2558e-07 -2.2275e-07
   12   0.5000   1.0000   0.0000 -2.0400e-02 -1.3309e-03 -4.6902e-06 -2.8630e-06
   21   1.0000   1.0000   0.0000 -1.9682e-02 -4.3134e-03  6.0617e-07  1.8647e-06
   29   1.5000   0.5000   0.0000 -2.0785e-02 -8.0229e-03 -5.6052e-07 -8.2017e-07
   30   1.5000   1.0000   0.0000 -1.8697e-02 -7.6954e-03 -5.8044e-07  2.3054e-07
    4   0.0000   1.5000   0.0000 -1.7950e-02  1.0870e-03  3.7214e-14 -1.2212e-14
   37   2.0000   0.0000   0.0000 -2.2074e-02 -1.1169e-02  4.1243e-08 -3.8226e-08
   38   2.0000   0.5000   0.0000 -1.9677e-02 -1.1124e-02  5.6687e-09 -1.0982e-07
   39   2.0000   1.0000   0.0000 -1.7650e-02 -1.0946e-02 -2.9663e-07 -1.7631e-07
   40   2.0000   1.5000   0.0000 -1.5851e-02 -1.0617e-02  4.6045e-08 -6.6455e-08
   13   0.5000   1.5000   0.0000 -1.7936e-02 -1.4137e-03 -2.7640e-06 -1.3033e-07
   22   1.0000   1.5000   0.0000 -1.7537e-02 -4.2073e-03  4.0723e-07  3.6475e-06
   31   1.5000   1.5000   0.0000 -1.6782e-02 -7.3724e-03  7.6762e-07  1.7728e-06
    5   0.0000   2.0000   0.0000 -1.5475e-02  1.0332e-03  3.3702e-14 -4.1044e-15
   46   2.5000   0.0000   0.0000 -2.0703e-02 -1.3870e-02  1.5381e-08  3.0357e-09
   32   1.5000   2.0000   0.0000 -1.4888e-02 -7.0704e-03  2.1188e-06  5.8260e-07
   41   2.0000   2.0000   0.0000 -1.4158e-02 -1.0227e-02  8.9884e-07  1.3275e-07
   47   2.5000   0.5000   0.0000 -1.8433e-02 -1.3856e-02  1.7835e-08  2.8910e-08
   48   2.5000   1.0000   0.0000 -1.6521e-02 -1.3774e-02  1.3365e-08  1.1745e-08
   49   2.5000   1.5000   0.0000 -1.4841e-02 -1.3577e-02 -1.1547e-07 -3.8394e-07
   50   2.5000   2.0000   0.0000 -1.3299e-02 -1.3261e-02 -2.9172e-07 -7.7688e-07
   14   0.5000   2.0000   0.0000 -1.5467e-02 -1.4894e-03 -1.0292e-06 -2.7084e-06
   23   1.0000   2.0000   0.0000 -1.5436e-02 -4.0608e-03  1.0855e-06 -2.2421e-06
    6   0.0000   2.5000   0.0000 -1.2976e-02  1.0072e-03  1.4266e-14  6.2051e-15
   55   3.0000   0.0000   0.0000 -1.9069e-02 -1.6227e-02 -1.3214e-08  1.0473e-07
   33   1.5000   2.5000   0.0000 -1.2959e-02 -6.7473e-03  5.6401e-07  6.0830e-07
   42   2.0000   2.5000   0.0000 -1.2437e-02 -9.8292e-03  1.7698e-06  1.2825e-06
   15   0.5000   2.5000   0.0000 -1.2974e-02 -1.5314e-03 -2.5870e-14 -3.0913e-15
   56   3.0000   0.5000   0.0000 -1.7057e-02 -1.6221e-02 -1.8921e-08 -1.1534e-08
   51   2.5000   2.5000   0.0000 -1.1790e-02 -1.2877e-02  7.1903e-07 -4.1314e-07
   24   1.0000   2.5000   0.0000 -1.2987e-02 -4.1033e-03 -1.4308e-06 -8.1083e-07
   57   3.0000   1.0000   0.0000 -1.5272e-02 -1.6191e-02  1.4486e-08  5.3153e-08
   58   3.0000   1.5000   0.0000 -1.3739e-02 -1.6094e-02  5.4480e-08 -5.5758e-08
   59   3.0000   2.0000   0.0000 -1.2372e-02 -1.5900e-02 -2.7965e-07 -6.7314e-07
   60   3.0000   2.5000   0.0000 -1.1039e-02 -1.5636e-02 -1.3950e-06 -1.6489e-06
   64   3.5000   0.0000   0.0000 -1.6980e-02 -1.8250e-02 -6.0497e-08  5.6353e-07
    7   0.0000   3.0000   0.0000 -1.0450e-02  1.0034e-03  1.7263e-14 -3.9349e-15
   65   3.5000   0.5000   0.0000 -1.5343e-02 -1.8244e-02 -9.4559e-08  1.4081e-07
   34   1.5000   3.0000   0.0000 -1.0499e-02 -6.7551e-03 -1.0986e-06 -1.2159e-06
   67   3.5000   1.5000   0.0000 -1.2538e-02 -1.8170e-02 -1.7239e-08 -9.6866e-08
   68   3.5000   2.0000   0.0000 -1.1375e-02 -1.8054e-02  6.1811e-08  6.5208e-09
   69   3.5000   2.5000   0.0000 -1.0241e-02 -1.7890e-02 -2.1991e-07 -2.6074e-07
   70   3.5000   3.0000   0.0000 -9.0822e-03 -1.7711e-02 -1.6598e-06 -4.7238e-07
   43   2.0000   3.0000   0.0000 -1.0516e-02 -9.4535e-03  1.3422e-06  7.8255e-07
   66   3.5000   1.0000   0.0000 -1.3879e-02 -1.8220e-02 -1.0071e-07  9.3657e-09
   16   0.5000   3.0000   0.0000 -1.0454e-02 -1.5494e-03 -1.1729e-14 -1.7156e-15
   52   2.5000   3.0000   0.0000 -1.0177e-02 -1.2469e-02  1.6800e-06  3.4665e-06
   25   1.0000   3.0000   0.0000 -1.0461e-02 -4.1389e-03 -1.5521e-07 -2.4603e-07
   61   3.0000   3.0000   0.0000 -9.6768e-03 -1.5329e-02 -9.9779e-07  1.6673e-06
    8   0.0000   3.5000   0.0000 -7.8940e-03  1.0100e-03 -2.9019e-14  3.7140e-15
   73   4.0000   0.0000   0.0000 -1.4141e-02 -2.0168e-02  1.5527e-08  7.4721e-07
   80   4.0000   3.5000   0.0000 -7.5140e-03 -1.9347e-02  1.4427e-06 -1.1595e-05
   35   1.5000   3.5000   0.0000 -7.9276e-03 -6.7736e-03 -2.2206e-07 -1.3881e-07
   71   3.5000   3.5000   0.0000 -7.8678e-03 -1.7579e-02 -7.5944e-06 -1.0844e-05
   74   4.0000   0.5000   0.0000 -1.3182e-02 -2.0098e-02  9.3608e-08 -1.6576e-07
   75   4.0000   1.0000   0.0000 -1.2225e-02 -2.0019e-02  5.6606e-08 -1.2691e-07
   44   2.0000   3.5000   0.0000 -7.9876e-03 -9.4477e-03 -1.1089e-06 -1.3721e-06
   77   4.0000   2.0000   0.0000 -1.0325e-02 -1.9827e-02  9.8082e-09 -4.9834e-07
   78   4.0000   2.5000   0.0000 -9.3780e-03 -1.9699e-02  5.2797e-08 -3.2244e-08
   79   4.0000   3.0000   0.0000 -8.4393e-03 -1.9531e-02  4.0912e-07  1.1912e-06
   76   4.0000   1.5000   0.0000 -1.1272e-02 -1.9931e-02 -9.0049e-11 -3.1389e-07
   17   0.5000   3.5000   0.0000 -7.8958e-03 -1.5584e-03  2.6954e-14 -7.3541e-15
   53   2.5000   3.5000   0.0000 -8.0752e-03 -1.2207e-02  4.6726e-08 -1.5342e-06
   26   1.0000   3.5000   0.0000 -7.9063e-03 -4.1451e-03  1.6115e-14 -2.4105e-15
   62   3.0000   3.5000   0.0000 -8.1091e-03 -1.5002e-02  8.4527e-06 -3.3079e-06
    9   0.0000   4.0000   0.0000 -5.3217e-03  1.0125e-03 -1.3757e-14  5.1374e-15
   36   1.5000   4.0000   0.0000 -5.3105e-03 -6.7710e-03 -8.6423e-15  5.0535e-15
   45   2.0000   4.0000   0.0000 -5.3240e-03 -9.4464e-03  2.6230e-15 -4.5590e-15
   18   0.5000   4.0000   0.0000 -5.3190e-03 -1.5596e-03  1.6728e-14  5.2560e-15
   82   4.5000   0.0000   0.0000 -1.1125e-02 -2.0133e-02  4.1956e-08  4.1464e-07
   54   2.5000   4.0000   0.0000 -5.3888e-03 -1.2209e-02  1.1119e-07 -3.6500e-07
   27   1.0000   4.0000   0.0000 -5.3110e-03 -4.1484e-03 -4.7906e-15 -6.7710e-15
   63   3.0000   4.0000   0.0000 -5.6189e-03 -1.4988e-02  7.5667e-06  1.2149e-06
   72   3.5000   4.0000   0.0000 -6.2307e-03 -1.7632e-02 -3.5030e-06  1.3927e-05
   81   4.0000   4.0000   0.0000 -6.6096e-03 -1.9447e-02  6.4825e-08  5.6264e-06
   90   4.5000   4.0000   0.0000 -7.0130e-03 -1.9698e-02  1.9343e-06  4.3342e-06
   86   4.5000   2.0000   0.0000 -9.2683e-03 -1.9962e-02 -1.6354e-07  5.4464e-07
   83   4.5000   0.5000   0.0000 -1.0910e-02 -2.0130e-02  6.8398e-08 -2.3045e-07
   84   4.5000   1.0000   0.0000 -1.0495e-02 -2.0109e-02  8.2123e-08  3.2692e-08
   87   4.5000   2.5000   0.0000 -8.4831e-03 -1.9800e-02 -5.1524e-07  2.2424e-08
   88   4.5000   3.0000   0.0000 -7.7855e-03 -1.9658e-02 -1.0626e-07  2.7044e-06
   89   4.5000   3.5000   0.0000 -7.2924e-03 -1.9634e-02 -9.3920e-06 -2.2539e-06
   85   4.5000   1.5000   0.0000 -1.0013e-02 -2.0074e-02  4.6789e-08  3.7339e-07
  210   4.0000   4.5000   0.0000 -5.5768e-03 -2.0000e-02  0.0000e+00 -1.2587e+01
   99   5.0000   4.0000   0.0000 -7.7976e-03 -1.8965e-02 -2.4121e-07 -9.9034e-07
   91   5.0000   0.0000   0.0000 -8.6533e-03 -1.9990e-02  1.2561e-08  2.4016e-08
   96   5.0000   2.5000   0.0000 -7.5842e-03 -1.9430e-02 -1.5894e-06  8.6614e-08
   97   5.0000   3.0000   0.0000 -7.1691e-03 -1.9212e-02 -1.1062e-06  3.4896e-06
   98   5.0000   3.5000   0.0000 -7.0217e-03 -1.8991e-02 -4.5594e-06 -4.5563e-06
   92   5.0000   0.5000   0.0000 -8.8926e-03 -1.9989e-02 -4.0655e-08  2.7770e-08
   93   5.0000   1.0000   0.0000 -9.0227e-03 -1.9984e-02 -1.0816e-07 -5.0791e-08
   94   5.0000   1.5000   0.0000 -8.8255e-03 -1.9932e-02  3.5148e-08  2.9804e-07
   95   5.0000   2.0000   0.0000 -8.2852e-03 -1.9744e-02 -3.4295e-07  1.2896e-06
  100   5.5000   0.0000   0.0000 -6.3842e-03 -1.9486e-02  4.6869e-09  1.2281e-08
  108   5.5000   4.0000   0.0000 -8.2955e-03 -1.7744e-02  2.8564e-07 -4.2430e-07
  101   5.5000   0.5000   0.0000 -7.0384e-03 -1.9481e-02 -1.1515e-09  7.1151e-08
  102   5.5000   1.0000   0.0000 -7.7149e-03 -1.9477e-02 -2.5669e-09 -8.4067e-07
  103   5.5000   1.5000   0.0000 -7.7615e-03 -1.9370e-02  8.0606e-07 -5.5041e-07
  104   5.5000   2.0000   0.0000 -7.3994e-03 -1.9071e-02  5.7171e-07  1.6301e-06
  105   5.5000   2.5000   0.0000 -6.8461e-03 -1.8603e-02 -2.6393e-07  7.4633e-07
  106   5.5000   3.0000   0.0000 -6.5128e-03 -1.8136e-02 -2.1144e-07 -5.2541e-07
  107   5.5000   3.5000   0.0000 -6.9271e-03 -1.7783e-02  2.9199e-06 -2.2392e-06
  109   6.0000   0.0000   0.0000 -4.3667e-03 -1.8527e-02 -5.2937e-08  8.9595e-07
  117   6.0000   4.0000   0.0000 -8.6584e-03 -1.6012e-02  5.9628e-07  1.3215e-06
  110   6.0000   0.5000   0.0000 -5.2836e-03 -1.8526e-02  2.7249e-07  1.1934e-06
  111   6.0000   1.0000   0.0000 -6.4255e-03 -1.8530e-02  2.0471e-06  5.0469e-06
  112   6.0000   1.5000   0.0000 -6.9969e-03 -1.8539e-02 -2.5526e-06  5.1243e-06
  113   6.0000   2.0000   0.0000 -6.6317e-03 -1.8036e-02 -1.1998e-06  4.3859e-07
  114   6.0000   2.5000   0.0000 -5.9615e-03 -1.7359e-02  1.5136e-06 -4.7624e-07
  115   6.0000   3.0000   0.0000 -5.9867e-03 -1.6807e-02  4.6074e-07 -6.9260e-07
  116   6.0000   3.5000   0.0000 -6.9034e-03 -1.6139e-02  1.0153e-06 -2.8798e-06
  118   6.5000   0.0000   0.0000 -2.3413e-03 -1.7981e-02  5.1883e-07  9.6739e-07
  122   6.5000   2.0000   0.0000 -5.9841e-03 -1.7150e-02  2.0071e-06 -2.1249e-06
  126   6.5000   4.0000   0.0000 -8.8037e-03 -1.3739e-02 -1.6868e-06 -1.8579e-06
  121   6.5000   1.5000   0.0000 -6.5710e-03 -1.7593e-02 -5.1501e-06 -1.1987e-06
  123   6.5000   2.5000   0.0000 -4.8696e-03 -1.5858e-02  7.4507e-07 -5.2018e-07
  119   6.5000   0.5000   0.0000 -3.8611e-03 -1.7866e-02  1.5836e-06 -5.7965e-07
  120   6.5000   1.0000   0.0000 -5.2538e-03 -1.7719e-02  7.4251e-07 -5.7328e-06
  124   6.5000   3.0000   0.0000 -5.6298e-03 -1.4779e-02  2.7874e-07  1.3394e-06
  125   6.5000   3.5000   0.0000 -6.8886e-03 -1.4052e-02  6.0420e-08  8.0063e-07
  130   7.0000   1.5000   0.0000 -6.1324e-03 -1.4747e-02  5.1098e-07  2.3322e-07
  132   7.0000   2.5000   0.0000 -3.5541e-03 -1.2524e-02  7.3523e-08 -2.4250e-07
  135   7.0000   4.0000   0.0000 -8.6077e-03 -1.1152e-02  1.7362e-06 -1.2162e-06
  127   7.0000   0.0000   0.0000 -1.0138e-03 -1.5577e-02 -4.7108e-07  1.0998e-06
  128   7.0000   0.5000   0.0000 -2.8307e-03 -1.5451e-02  1.3368e-07  7.5845e-07
  129   7.0000   1.0000   0.0000 -4.3678e-03 -1.5141e-02  8.3058e-07 -2.1702e-06
  133   7.0000   3.0000   0.0000 -5.1736e-03 -1.1992e-02  1.0703e-06  2.8902e-07
  134   7.0000   3.5000   0.0000 -6.6966e-03 -1.1409e-02  2.2906e-06  1.9401e-06
  136   7.5000   0.0000   0.0000  2.5162e-05 -1.2827e-02  1.6174e-07 -7.1402e-08
  139   7.5000   1.5000   0.0000 -5.3254e-03 -1.1681e-02 -6.9906e-08  4.8405e-07
  141   7.5000   2.5000   0.0000 -3.0939e-03 -9.6137e-03 -1.9700e-06  7.1122e-07
  144   7.5000   4.0000   0.0000 -8.0580e-03 -8.6525e-03 -1.7337e-08 -2.5172e-08
  137   7.5000   0.5000   0.0000 -1.9383e-03 -1.2586e-02  1.1565e-06 -3.3980e-07
  138   7.5000   1.0000   0.0000 -3.5762e-03 -1.2100e-02  5.3400e-07 -8.1988e-07
  142   7.5000   3.0000   0.0000 -4.8507e-03 -9.1596e-03 -2.2261e-06 -1.2966e-06
  143   7.5000   3.5000   0.0000 -6.2745e-03 -8.7768e-03 -8.4064e-07  3.9616e-07
  145   8.0000   0.0000   0.0000  7.6038e-04 -9.8856e-03  4.1862e-07 -3.2027e-07
  153   8.0000   4.0000   0.0000 -7.0872e-03 -6.5103e-03 -3.5366e-08 -4.1256e-08
  148   8.0000   1.5000   0.0000 -3.7973e-03 -8.2716e-03 -1.1853e-07  1.7185e-07
  150   8.0000   2.5000   0.0000 -3.1605e-03 -6.8757e-03  4.1832e-06  4.1836e-06
  146   8.0000   0.5000   0.0000 -1.2571e-03 -9.6329e-03  1.1413e-07 -3.1674e-08
  147   8.0000   1.0000   0.0000 -2.7886e-03 -9.1204e-03 -5.1149e-07 -1.6252e-09
  151   8.0000   3.0000   0.0000 -4.4350e-03 -6.7715e-03  1.9837e-06 -1.0892e-06
  152   8.0000   3.5000   0.0000 -5.6787e-03 -6.5876e-03  3.1527e-07 -6.1627e-07
  162   8.5000   4.0000   0.0000 -6.0156e-03 -4.7452e-03 -3.0205e-09 -3.4599e-08
  149   8.0000   2.0000   0.0000 -3.3497e-03 -7.2102e-03  1.6962e-06 -1.7926e-06
  154   8.5000   0.0000   0.0000  1.0834e-03 -7.2629e-03 -2.0752e-06 -3.8554e-06
  160   8.5000   3.0000   0.0000 -3.9390e-03 -4.9825e-03  1.1752e-07  6.6162e-07
  161   8.5000   3.5000   0.0000 -4.8748e-03 -4.8078e-03 -3.1749e-09  6.1248e-09
  155   8.5000   0.5000   0.0000 -8.8666e-04 -7.1789e-03  3.0399e-06  6.0045e-07
  156   8.5000   1.0000   0.0000 -2.2471e-03 -6.8627e-03 -1.5626e-07  3.7283e-07
  157   8.5000   1.5000   0.0000 -2.8344e-03 -6.4592e-03 -1.1280e-06  4.5373e-07
  158   8.5000   2.0000   0.0000 -2.7894e-03 -5.8680e-03 -4.0308e-07 -4.0250e-06
  159   8.5000   2.5000   0.0000 -3.0851e-03 -5.3013e-03 -6.3740e-07  2.1495e-06
  163   9.0000   0.0000   0.0000  9.8873e-04 -5.3788e-03 -2.5075e-06  2.3474e-06
  171   9.0000   4.0000   0.0000 -4.8998e-03 -3.2028e-03  5.3921e-09 -6.7628e-08
  164   9.0000   0.5000   0.0000 -7.1033e-04 -5.3824e-03  1.2932e-07  9.4927e-07
  165   9.0000   1.0000   0.0000 -1.7251e-03 -5.1723e-03  2.0748e-07  4.5361e-07
  166   9.0000   1.5000   0.0000 -2.1558e-03 -4.7614e-03  1.3349e-06 -1.6632e-07
  167   9.0000   2.0000   0.0000 -2.3211e-03 -4.1918e-03  2.5676e-07 -2.5154e-06
  168   9.0000   2.5000   0.0000 -2.7181e-03 -3.7135e-03 -1.8251e-06  8.6460e-07
  169   9.0000   3.0000   0.0000 -3.3223e-03 -3.4313e-03 -2.6820e-08  7.2476e-07
  170   9.0000   3.5000   0.0000 -3.9909e-03 -3.2640e-03  5.9278e-08  1.2324e-07
  172   9.5000   0.0000   0.0000  8.8766e-04 -3.8098e-03 -7.4488e-08  1.1203e-07
  180   9.5000   4.0000   0.0000 -3.7385e-03 -1.9191e-03  8.5102e-09 -5.0061e-08
  173   9.5000   0.5000   0.0000 -5.2808e-04 -3.8137e-03  4.7591e-07  8.3422e-07
  174   9.5000   1.0000   0.0000 -1.3220e-03 -3.5735e-03  1.0592e-06 -1.4797e-06
  175   9.5000   1.5000   0.0000 -1.6577e-03 -3.1490e-03  1.5701e-06 -5.0321e-07
  176   9.5000   2.0000   0.0000 -1.8373e-03 -2.6557e-03  9.1444e-08  2.6673e-07
  177   9.5000   2.5000   0.0000 -2.1783e-03 -2.3163e-03 -6.9072e-07  4.0336e-07
  178   9.5000   3.0000   0.0000 -2.5755e-03 -2.0966e-03 -3.7546e-08  3.6621e-07
  179   9.5000   3.5000   0.0000 -3.0441e-03 -1.9651e-03  4.5449e-08  1.6792e-07
  181  10.0000   0.0000   0.0000  7.8092e-04 -2.4068e-03  4.7412e-07 -3.5226e-07
  189  10.0000   4.0000   0.0000 -2.5341e-03 -9.3139e-04  7.7176e-09 -2.7050e-08
  182  10.0000   0.5000   0.0000 -4.7274e-04 -2.4133e-03  4.0781e-06 -8.6467e-07
  183  10.0000   1.0000   0.0000 -9.5867e-04 -2.0868e-03  1.4402e-06 -2.1728e-07
  184  10.0000   1.5000   0.0000 -1.1043e-03 -1.6844e-03 -8.5205e-07  2.9096e-07
  185  10.0000   2.0000   0.0000 -1.2845e-03 -1.3796e-03 -6.4577e-07  1.0320e-06
  186  10.0000   2.5000   0.0000 -1.5119e-03 -1.1751e-03 -1.9569e-07  2.8632e-07
  187  10.0000   3.0000   0.0000 -1.7527e-03 -1.0392e-03 -3.1162e-08  1.3447e-07
  188  10.0000   3.5000   0.0000 -2.0507e-03 -9.5841e-04  3.1942e-08  1.0477e-07
  198  10.5000   4.0000   0.0000 -1.2863e-03 -2.7419e-04  1.4390e-09 -4.9951e-09
  190  10.5000   0.0000   0.0000  5.6135e-04 -1.1175e-03  1.0337e-06 -3.1056e-06
  192  10.5000   1.0000   0.0000 -4.7203e-04 -7.8716e-04 -9.2757e-07  2.4387e-06
  193  10.5000   1.5000   0.0000 -5.5431e-04 -5.8643e-04 -1.0568e-06  9.4182e-07
  194  10.5000   2.0000   0.0000 -6.6738e-04 -4.5916e-04 -1.6852e-07  5.4840e-07
  195  10.5000   2.5000   0.0000 -7.7513e-04 -3.7453e-04  4.1974e-08  5.5415e-08
  196  10.5000   3.0000   0.0000 -8.8770e-04 -3.1991e-04  2.2099e-08 -1.3169e-08
  197  10.5000   3.5000   0.0000 -1.0307e-03 -2.8697e-04  2.1455e-08  2.5391e-08
  191  10.5000   0.5000   0.0000 -4.2263e-04 -1.1141e-03  1.6965e-06 -2.5648e-06
  199  11.0000   0.0000   0.0000  0.0000e+00  0.0000e+00 -5.3988e+00  3.6647e+00
  207  11.0000   4.0000   0.0000  0.0000e+00  0.0000e+00  7.2486e-01 -3.7654e-02
  200  11.0000   0.5000   0.0000  0.0000e+00  0.0000e+00 -7.7144e-01  1.8592e+00
  201  11.0000   1.0000   0.0000  0.0000e+00  0.0000e+00  4.3261e-01  4.8671e-01
  202  11.0000   1.5000   0.0000  0.0000e+00  0.0000e+00  7.9366e-01 -5.8163e-02
  203  11.0000   2.0000   0.0000  0.0000e+00  0.0000e+00  8.8348e-01 -1.3384e-01
  204  11.0000   2.5000   0.0000  0.0000e+00  0.0000e+00  9.6915e-01 -7.6850e-02
  205  11.0000   3.0000   0.0000  0.0000e+00  0.0000e+00  1.0924e+00 -3.3622e-02
  206  11.0000   3.5000   0.0000  0.0000e+00  0.0000e+00  1.2740e+00 -7.3795e-03
Time   2.0000
  209   0.5000  -0.5000   0.0000 -5.8195e-02  0.0000e+00 -7.9936e-15  1.0716e+01
  208   0.0000  -0.5000   0.0000 -5.8543e-02  0.0000e+00  2.5535e-14 -2.4488e+00
   10   0.5000   0.0000   0.0000 -5.7823e-02 -9.9574e-04  2.8912e-06 -7.7219e-07
    1   0.0000   0.0000   0.0000 -5.7823e-02  9.6924e-05  2.5758e-07  1.2135e-08
   19   1.0000   0.0000   0.0000 -5.7026e-02 -8.1769e-03 -1.0097e-06 -1.9799e-06
    2   0.0000   0.5000   0.0000 -5.4062e-02  3.4228e-03  4.4892e-08 -1.5565e-06
   11   0.5000   0.5000   0.0000 -5.2728e-02 -1.5234e-03 -2.9766e-06  2.6087e-06
   20   1.0000   0.5000   0.0000 -5.1496e-02 -7.8444e-03 -2.6999e-06  7.7144e-07
    3   0.0000   1.0000   0.0000 -4.7487e-02  3.7986e-03  1.9183e-06  5.1141e-07
   28   1.5000   0.0000   0.0000 -5.6038e-02 -1.4621e-02  1.6366e-08  1.0049e-07
   12   0.5000   1.0000   0.0000 -4.7292e-02 -1.7434e-03  1.5019e-06  5.1595e-07
   21   1.0000   1.0000   0.0000 -4.6410e-02 -7.7381e-03  1.1992e-06 -1.9779e-06
   29   1.5000   0.5000   0.0000 -5.0391e-02 -1.4530e-02  4.5322e-07  7.5747e-07
   30   1.5000   1.0000   0.0000 -4.5252e-02 -1.4219e-02  8.0806e-07 -7.5794e-07
    4   0.0000   1.5000   0.0000 -4.1915e-02  3.6724e-03 -3.6657e-07  1.5840e-07
   37   2.0000   0.0000   0.0000 -5.4735e-02 -2.0682e-02 -2.1558e-09  2.5143e-09
   38   2.0000   0.5000   0.0000 -4.9258e-02 -2.0651e-02 -6.0743e-09  6.9818e-09
   39   2.0000   1.0000   0.0000 -4.4112e-02 -2.0517e-02 -3.1676e-08 -2.6821e-07
   40   2.0000   1.5000   0.0000 -3.9228e-02 -2.0249e-02 -1.7285e-07 -2.9833e-07
   13   0.5000   1.5000   0.0000 -4.1906e-02 -1.8088e-03  4.7254e-07  7.5358e-07
   22   1.0000   1.5000   0.0000 -4.1298e-02 -7.6851e-03 -3.0510e-07 -3.9856e-07
   31   1.5000   1.5000   0.0000 -4.0358e-02 -1.3925e-02 -3.2960e-07 -3.7936e-07
    5   0.0000   2.0000   0.0000 -3.6508e-02  3.5982e-03 -1.2084e-13 -1.7042e-14
   46   2.5000   0.0000   0.0000 -5.3276e-02 -2.6382e-02 -7.7872e-09 -5.8137e-09
   32   1.5000   2.0000   0.0000 -3.5540e-02 -1.3651e-02 -3.0412e-07 -2.4585e-07
   41   2.0000   2.0000   0.0000 -3.4584e-02 -1.9894e-02 -4.9801e-08 -3.5979e-07
   47   2.5000   0.5000   0.0000 -4.7969e-02 -2.6374e-02  1.4553e-09 -4.0310e-08
   48   2.5000   1.0000   0.0000 -4.2909e-02 -2.6330e-02 -1.8908e-08 -1.0522e-07
   49   2.5000   1.5000   0.0000 -3.8039e-02 -2.6218e-02 -1.3465e-07 -2.5751e-07
   50   2.5000   2.0000   0.0000 -3.3456e-02 -2.5973e-02 -2.3533e-07 -4.7017e-07
   14   0.5000   2.0000   0.0000 -3.6503e-02 -1.8604e-03  6.9386e-07  4.8569e-07
   23   1.0000   2.0000   0.0000 -3.6216e-02 -7.5809e-03 -3.0835e-07 -9.6100e-08
    6   0.0000   2.5000   0.0000 -3.1069e-02  3.5813e-03 -4.7073e-14 -1.9234e-15
   55   3.0000   0.0000   0.0000 -4.9187e-02 -3.1725e-02 -1.2481e-08  6.6004e-09
   33   1.5000   2.5000   0.0000 -3.0699e-02 -1.3365e-02 -1.2757e-07 -8.5078e-09
   42   2.0000   2.5000   0.0000 -3.0054e-02 -1.9483e-02 -8.9847e-08 -6.9158e-08
   15   0.5000   2.5000   0.0000 -3.1069e-02 -1.9156e-03  2.7011e-07  5.3697e-07
   56   3.0000   0.5000   0.0000 -4.5016e-02 -3.1679e-02 -3.6187e-09  1.2779e-08
   51   2.5000   2.5000   0.0000 -2.9116e-02 -2.5605e-02 -2.3724e-07 -4.1747e-07
   24   1.0000   2.5000   0.0000 -3.1062e-02 -7.4673e-03  1.2781e-07  6.2066e-07
   57   3.0000   1.0000   0.0000 -4.0972e-02 -3.1607e-02 -1.4223e-09  1.3404e-08
   58   3.0000   1.5000   0.0000 -3.6741e-02 -3.1542e-02  2.9774e-08 -6.4170e-08
   59   3.0000   2.0000   0.0000 -3.2318e-02 -3.1472e-02 -1.2218e-07 -2.9343e-07
   60   3.0000   2.5000   0.0000 -2.7957e-02 -3.1334e-02 -5.5392e-07 -7.8271e-07
   64   3.5000   0.0000   0.0000 -4.1848e-02 -3.6689e-02 -1.2055e-08 -6.1057e-09
    7   0.0000   3.0000   0.0000 -2.5577e-02  3.5869e-03  2.9819e-14  7.4680e-15
   65   3.5000   0.5000   0.0000 -3.8332e-02 -3.6647e-02 -8.6513e-09 -3.8012e-09
   34   1.5000   3.0000   0.0000 -2.5622e-02 -1.3133e-02  3.5970e-07  4.8088e-07
   67   3.5000   1.5000   0.0000 -3.2885e-02 -3.6363e-02 -5.5684e-09  1.6266e-08
   68   3.5000   2.0000   0.0000 -3.0030e-02 -3.6208e-02  9.0448e-10  4.4304e-08
   69   3.5000   2.5000   0.0000 -2.6712e-02 -3.6102e-02  1.2439e-07 -1.6619e-07
   70   3.5000   3.0000   0.0000 -2.3020e-02 -3.6020e-02 -5.4515e-07 -1.1289e-06
   43   2.0000   3.0000   0.0000 -2.5381e-02 -1.9071e-02  3.3140e-08  4.0418e-08
   66   3.5000   1.0000   0.0000 -3.5528e-02 -3.6526e-02 -8.9009e-09  2.8746e-10
   16   0.5000   3.0000   0.0000 -2.5581e-02 -1.9403e-03 -2.8270e-14  1.2490e-16
   52   2.5000   3.0000   0.0000 -2.4897e-02 -2.5116e-02  2.1747e-07 -2.7963e-07
   25   1.0000   3.0000   0.0000 -2.5600e-02 -7.5001e-03  2.9587e-07  3.3130e-07
   61   3.0000   3.0000   0.0000 -2.4032e-02 -3.1001e-02 -9.5814e-07 -1.2120e-06
    8   0.0000   3.5000   0.0000 -2.0043e-02  3.5980e-03 -2.9228e-14  1.9403e-15
   73   4.0000   0.0000   0.0000 -3.1266e-02 -4.1499e-02 -3.4533e-09  2.0504e-09
   80   4.0000   3.5000   0.0000 -1.8355e-02 -3.9842e-02  1.0572e-07  2.2902e-06
   35   1.5000   3.5000   0.0000 -2.0091e-02 -1.3139e-02  3.6550e-07  2.5706e-07
   71   3.5000   3.5000   0.0000 -1.9537e-02 -3.5883e-02 -4.0889e-06 -1.8674e-06
   74   4.0000   0.5000   0.0000 -2.9434e-02 -4.1318e-02 -6.4309e-09  1.3439e-08
   75   4.0000   1.0000   0.0000 -2.7608e-02 -4.1125e-02 -3.4989e-09  1.0229e-08
   44   2.0000   3.5000   0.0000 -2.0163e-02 -1.8860e-02  3.3604e-07  7.7978e-07
   77   4.0000   2.0000   0.0000 -2.3977e-02 -4.0716e-02  1.0140e-08 -9.9284e-09
   78   4.0000   2.5000   0.0000 -2.2149e-02 -4.0486e-02  2.3559e-08 -2.6064e-08
   79   4.0000   3.0000   0.0000 -2.0281e-02 -4.0221e-02 -1.6951e-08  8.8400e-08
   76   4.0000   1.5000   0.0000 -2.5792e-02 -4.0926e-02  1.7074e-09  1.5935e-09
   17   0.5000   3.5000   0.0000 -2.0046e-02 -1.9464e-03  6.8250e-14 -3.0787e-14
   53   2.5000   3.5000   0.0000 -2.0222e-02 -2.4685e-02  1.5768e-06  7.0658e-07
   26   1.0000   3.5000   0.0000 -2.0055e-02 -7.5166e-03 -4.1223e-14  1.1937e-14
   62   3.0000   3.5000   0.0000 -2.0161e-02 -3.0536e-02  2.5539e-07  9.8916e-07
    9   0.0000   4.0000   0.0000 -1.4490e-02  3.6029e-03 -3.2936e-14  3.6802e-15
   36   1.5000   4.0000   0.0000 -1.4454e-02 -1.3141e-02 -1.8090e-14 -3.0093e-14
   45   2.0000   4.0000   0.0000 -1.4456e-02 -1.8866e-02 -7.3695e-15 -7.8904e-15
   18   0.5000   4.0000   0.0000 -1.4485e-02 -1.9491e-03  2.7447e-14 -1.3703e-14
   82   4.5000   0.0000   0.0000 -2.0457e-02 -4.0347e-02  1.9449e-08 -1.2546e-09
   54   2.5000   4.0000   0.0000 -1.4560e-02 -2.4689e-02  7.2742e-07  3.3729e-07
   27   1.0000   4.0000   0.0000 -1.4472e-02 -7.5186e-03 -2.3984e-15  3.8920e-14
   63   3.0000   4.0000   0.0000 -1.4920e-02 -3.0470e-02  1.4387e-06  1.7560e-06
   72   3.5000   4.0000   0.0000 -1.5866e-02 -3.6005e-02 -2.5818e-06  2.9080e-06
   81   4.0000   4.0000   0.0000 -1.6469e-02 -3.9340e-02  1.0798e-07 -3.1614e-06
   90   4.5000   4.0000   0.0000 -1.7110e-02 -3.9851e-02  2.0541e-06  2.4381e-06
   86   4.5000   2.0000   0.0000 -1.7207e-02 -3.9848e-02  2.1109e-08  1.7176e-07
   83   4.5000   0.5000   0.0000 -2.0176e-02 -4.0295e-02  7.3935e-09  1.3749e-08
   84   4.5000   1.0000   0.0000 -1.9175e-02 -4.0159e-02  6.3930e-09  2.4504e-08
   87   4.5000   2.5000   0.0000 -1.6859e-02 -3.9760e-02 -8.2534e-08  5.1770e-07
   88   4.5000   3.0000   0.0000 -1.6911e-02 -3.9707e-02 -7.0923e-07  6.6319e-07
   89   4.5000   3.5000   0.0000 -1.7057e-02 -3.9701e-02  1.0711e-06 -1.7535e-06
   85   4.5000   1.5000   0.0000 -1.8024e-02 -3.9988e-02  1.1122e-08  6.2982e-08
  210   4.0000   4.5000   0.0000 -1.4546e-02 -4.0000e-02  2.7534e-14 -1.5644e+01
   99   5.0000   4.0000   0.0000 -1.8261e-02 -3.7906e-02 -1.7482e-06 -8.2092e-07
   91   5.0000   0.0000   0.0000 -1.3131e-02 -3.9057e-02  1.5833e-08 -1.4632e-09
   96   5.0000   2.5000   0.0000 -1.5306e-02 -3.8488e-02 -1.2770e-08  5.2647e-07
   97   5.0000   3.0000   0.0000 -1.5818e-02 -3.8271e-02 -9.8045e-07  1.6647e-06
   98   5.0000   3.5000   0.0000 -1.6264e-02 -3.7923e-02 -3.6995e-06 -2.2323e-06
   92   5.0000   0.5000   0.0000 -1.3534e-02 -3.9006e-02  1.4588e-08  9.1085e-09
   93   5.0000   1.0000   0.0000 -1.3713e-02 -3.8919e-02  1.5456e-08  9.8525e-09
   94   5.0000   1.5000   0.0000 -1.4362e-02 -3.8859e-02  2.2949e-08 -2.1327e-08
   95   5.0000   2.0000   0.0000 -1.5001e-02 -3.8754e-02  2.3775e-08  1.2300e-07
  100   5.5000   0.0000   0.0000 -8.3537e-03 -3.7372e-02  1.2579e-08  1.2013e-08
  108   5.5000   4.0000   0.0000 -1.8941e-02 -3.5172e-02  3.8814e-07 -9.5174e-06
  101   5.5000   0.5000   0.0000 -9.9403e-03 -3.7360e-02  1.0545e-08 -1.1602e-09
  102   5.5000   1.0000   0.0000 -1.2057e-02 -3.7365e-02  5.5092e-09 -6.1959e-09
  103   5.5000   1.5000   0.0000 -1.3164e-02 -3.7263e-02 -3.3887e-08  1.1500e-07
  104   5.5000   2.0000   0.0000 -1.3910e-02 -3.6973e-02 -2.6984e-07  4.3744e-07
  105   5.5000   2.5000   0.0000 -1.4251e-02 -3.6413e-02  4.3904e-08  2.1518e-07
  106   5.5000   3.0000   0.0000 -1.4652e-02 -3.5794e-02  8.0899e-07  8.8123e-07
  107   5.5000   3.5000   0.0000 -1.6036e-02 -3.5316e-02 -3.5126e-06 -4.0741e-07
  109   6.0000   0.0000   0.0000 -5.6375e-03 -3.5232e-02  5.8214e-09 -7.9953e-09
  117   6.0000   4.0000   0.0000 -1.9381e-02 -3.1538e-02  7.9800e-06  6.3896e-06
  110   6.0000   0.5000   0.0000 -7.7355e-03 -3.5233e-02 -4.3219e-09 -6.6845e-09
  111   6.0000   1.0000   0.0000 -1.0120e-02 -3.5226e-02 -1.4535e-08 -7.6191e-09
  112   6.0000   1.5000   0.0000 -1.2312e-02 -3.5257e-02 -7.1200e-07  6.1913e-07
  113   6.0000   2.0000   0.0000 -1.2902e-02 -3.4620e-02 -2.2299e-07 -8.5664e-08
  114   6.0000   2.5000   0.0000 -1.2989e-02 -3.3792e-02  4.4591e-07 -4.1068e-07
  115   6.0000   3.0000   0.0000 -1.3677e-02 -3.2912e-02  7.1047e-07 -2.6554e-07
  116   6.0000   3.5000   0.0000 -1.5925e-02 -3.2012e-02  1.1194e-06  3.3425e-06
  118   6.5000   0.0000   0.0000 -6.1406e-04 -3.3792e-02  2.0379e-08 -1.5930e-08
  122   6.5000   2.0000   0.0000 -1.2090e-02 -3.2572e-02  5.7014e-07 -8.8549e-07
  126   6.5000   4.0000   0.0000 -1.9554e-02 -2.7225e-02 -2.4414e-06 -2.9348e-07
  121   6.5000   1.5000   0.0000 -1.1735e-02 -3.2932e-02  1.5655e-06  1.1959e-06
  123   6.5000   2.5000   0.0000 -1.1285e-02 -3.0697e-02  1.6447e-07 -1.6572e-07
  119   6.5000   0.5000   0.0000 -4.4994e-03 -3.3531e-02 -1.2723e-08 -2.2446e-08
  120   6.5000   1.0000   0.0000 -8.2583e-03 -3.3224e-02  1.5053e-07 -4.7280e-07
  124   6.5000   3.0000   0.0000 -1.2817e-02 -2.8723e-02  1.8909e-07 -1.8164e-07
  125   6.5000   3.5000   0.0000 -1.5738e-02 -2.7712e-02 -2.4178e-07 -1.4314e-06
  130   7.0000   1.5000   0.0000 -1.1296e-02 -2.7521e-02 -4.3778e-07  3.5263e-07
  132   7.0000   2.5000   0.0000 -8.1842e-03 -2.4018e-02  1.8942e-07 -2.9937e-07
  135   7.0000   4.0000   0.0000 -1.9219e-02 -2.2345e-02  3.7133e-08  1.7837e-09
  127   7.0000   0.0000   0.0000  8.4288e-04 -2.8611e-02 -1.7017e-08  2.0942e-07
  128   7.0000   0.5000   0.0000 -3.3869e-03 -2.8415e-02 -3.6998e-07  2.6881e-07
  129   7.0000   1.0000   0.0000 -7.1874e-03 -2.7991e-02 -6.3019e-07 -4.1178e-07
  133   7.0000   3.0000   0.0000 -1.1957e-02 -2.3483e-02  6.3763e-07 -2.3145e-07
  134   7.0000   3.5000   0.0000 -1.5325e-02 -2.2698e-02  2.8090e-07  4.3343e-07
  136   7.5000   0.0000   0.0000  1.7854e-03 -2.3331e-02 -2.5997e-08  2.3021e-07
  139   7.5000   1.5000   0.0000 -1.0512e-02 -2.2027e-02 -2.3836e-08 -3.2645e-08
  141   7.5000   2.5000   0.0000 -7.6207e-03 -1.8786e-02 -1.5334e-07 -2.9946e-07
  144   7.5000   4.0000   0.0000 -1.8479e-02 -1.7626e-02 -4.8093e-08  6.5772e-08
  137   7.5000   0.5000   0.0000 -2.4305e-03 -2.2983e-02  3.7680e-08 -7.5052e-08
  138   7.5000   1.0000   0.0000 -6.2241e-03 -2.2352e-02  1.5848e-07 -3.0432e-07
  142   7.5000   3.0000   0.0000 -1.1350e-02 -1.8201e-02 -7.1899e-07 -2.2683e-07
  143   7.5000   3.5000   0.0000 -1.4609e-02 -1.7736e-02 -3.1269e-07  4.9975e-07
  145   8.0000   0.0000   0.0000  2.3118e-03 -1.8079e-02  2.8874e-07  1.0994e-07
  153   8.0000   4.0000   0.0000 -1.7206e-02 -1.3471e-02  6.0410e-08 -4.7791e-09
  148   8.0000   1.5000   0.0000 -6.6558e-03 -1.5338e-02 -1.4820e-07  9.5397e-08
  150   8.0000   2.5000   0.0000 -7.6470e-03 -1.3699e-02 -4.3677e-07 -4.3121e-07
  146   8.0000   0.5000   0.0000 -1.7039e-03 -1.7656e-02  2.7614e-07 -4.1833e-08
  147   8.0000   1.0000   0.0000 -4.9597e-03 -1.6810e-02  1.0114e-09 -1.0727e-07
  151   8.0000   3.0000   0.0000 -1.0570e-02 -1.3616e-02 -3.6591e-07 -2.0309e-07
  152   8.0000   3.5000   0.0000 -1.3751e-02 -1.3514e-02  2.5289e-07 -8.8545e-08
  162   8.5000   4.0000   0.0000 -1.5627e-02 -1.0383e-02  3.2781e-08 -3.7120e-09
  149   8.0000   2.0000   0.0000 -6.9660e-03 -1.4035e-02 -3.1242e-07  1.8054e-07
  154   8.5000   0.0000   0.0000  2.3022e-03 -1.3595e-02 -9.6522e-07 -9.1041e-07
  160   8.5000   3.0000   0.0000 -9.6746e-03 -1.0377e-02 -7.2735e-08  1.2708e-07
  161   8.5000   3.5000   0.0000 -1.2413e-02 -1.0378e-02  1.2943e-08  1.8098e-07
  155   8.5000   0.5000   0.0000 -1.4131e-03 -1.3342e-02  1.0705e-07 -1.3348e-07
  156   8.5000   1.0000   0.0000 -4.0301e-03 -1.2843e-02 -3.2978e-07  3.8621e-07
  157   8.5000   1.5000   0.0000 -5.4661e-03 -1.2187e-02 -7.9788e-07  4.4964e-07
  158   8.5000   2.0000   0.0000 -6.2004e-03 -1.1383e-02 -4.0057e-07 -5.3094e-07
  159   8.5000   2.5000   0.0000 -7.4775e-03 -1.0622e-02  2.2452e-07 -1.1894e-07
  163   9.0000   0.0000   0.0000  2.0610e-03 -1.0027e-02 -2.2236e-07  1.5333e-06
  171   9.0000   4.0000   0.0000 -1.3848e-02 -7.3999e-03  4.1668e-09  1.6920e-08
  164   9.0000   0.5000   0.0000 -1.1647e-03 -1.0029e-02 -2.7548e-07  4.1103e-07
  165   9.0000   1.0000   0.0000 -3.2605e-03 -9.6686e-03 -1.2534e-06  3.5623e-07
  166   9.0000   1.5000   0.0000 -4.5063e-03 -9.0335e-03 -1.1731e-07 -6.4493e-07
  167   9.0000   2.0000   0.0000 -5.4783e-03 -8.2442e-03  6.5769e-07 -6.3020e-07
  168   9.0000   2.5000   0.0000 -6.8526e-03 -7.6802e-03  1.9226e-07 -1.3468e-07
  169   9.0000   3.0000   0.0000 -8.6629e-03 -7.4447e-03  1.4373e-08  4.4257e-09
  170   9.0000   3.5000   0.0000 -1.1037e-02 -7.4043e-03 -1.1567e-09  2.3259e-08
  172   9.5000   0.0000   0.0000  1.8116e-03 -7.0304e-03 -1.2278e-07  2.2632e-07
  180   9.5000   4.0000   0.0000 -1.2033e-02 -4.8042e-03 -2.6369e-09 -1.9665e-09
  173   9.5000   0.5000   0.0000 -9.1127e-04 -7.0237e-03 -2.5278e-07  1.6703e-06
  174   9.5000   1.0000   0.0000 -2.6402e-03 -6.6353e-03  7.9964e-07 -9.3163e-07
  175   9.5000   1.5000   0.0000 -3.7143e-03 -6.0055e-03  8.6563e-07 -1.1868e-06
  176   9.5000   2.0000   0.0000 -4.6304e-03 -5.3445e-03  1.9804e-07 -2.2566e-07
  177   9.5000   2.5000   0.0000 -5.9056e-03 -4.9762e-03 -6.6210e-08  8.7102e-08
  178   9.5000   3.0000   0.0000 -7.5072e-03 -4.8227e-03  1.2403e-08  6.1304e-08
  179   9.5000   3.5000   0.0000 -9.6222e-03 -4.8044e-03  5.1694e-09  1.6273e-09
  181  10.0000   0.0000   0.0000  1.5441e-03 -4.3436e-03 -2.8223e-06  5.3333e-07
  189  10.0000   4.0000   0.0000 -9.6042e-03 -2.5642e-03  1.8447e-09  4.2114e-09
  182  10.0000   0.5000   0.0000 -8.4984e-04 -4.3402e-03 -2.8073e-06 -2.3137e-06
  183  10.0000   1.0000   0.0000 -1.9977e-03 -3.7991e-03  1.4474e-06 -1.3280e-06
  184  10.0000   1.5000   0.0000 -2.6934e-03 -3.2081e-03  3.4253e-07 -3.2982e-07
  185  10.0000   2.0000   0.0000 -3.5962e-03 -2.8424e-03 -1.5754e-07  1.6555e-07
  186  10.0000   2.5000   0.0000 -4.7542e-03 -2.6562e-03 -2.8682e-08  1.2643e-07
  187  10.0000   3.0000   0.0000 -6.2492e-03 -2.5980e-03 -5.2525e-09  3.9015e-08
  188  10.0000   3.5000   0.0000 -7.9150e-03 -2.5765e-03 -9.3731e-09  8.4435e-09
  198  10.5000   4.0000   0.0000 -5.8072e-03 -8.2196e-04 -6.7090e-09  1.2765e-09
  190  10.5000   0.0000   0.0000  1.0563e-03 -1.9268e-03  1.2321e-07  1.3182e-06
  192  10.5000   1.0000   0.0000 -1.0169e-03 -1.3107e-03 -5.9705e-08 -5.0975e-07
  193  10.5000   1.5000   0.0000 -1.5851e-03 -1.0633e-03 -3.1481e-07  5.1179e-07
  194  10.5000   2.0000   0.0000 -2.4634e-03 -9.6724e-04  5.2753e-09  9.7382e-08
  195  10.5000   2.5000   0.0000 -3.3605e-03 -9.1768e-04  9.2092e-09 -1.8356e-08
  196  10.5000   3.0000   0.0000 -4.1435e-03 -8.7534e-04 -1.9137e-08 -2.7130e-08
  197  10.5000   3.5000   0.0000 -4.8515e-03 -8.3813e-04 -1.2797e-08 -4.9625e-09
  191  10.5000   0.5000   0.0000 -7.2158e-04 -1.8581e-03  8.2448e-06  1.7078e-06
  199  11.0000   0.0000   0.0000  0.0000e+00  0.0000e+00 -9.6467e+00  5.9289e+00
  207  11.0000   4.0000   0.0000  0.0000e+00  0.0000e+00  7.7544e-01 -8.0322e-02
  200  11.0000   0.5000   0.0000  0.0000e+00  0.0000e+00 -6.8296e-01  2.2789e+00
  201  11.0000   1.0000   0.0000  0.0000e+00  0.0000e+00  1.7027e+00 -2.6532e-01
  202  11.0000   1.5000   0.0000  0.0000e+00  0.0000e+00  1.6899e+00 -3.3859e-01
  203  11.0000   2.0000   0.0000  0.0000e+00  0.0000e+00  1.5554e+00 -6.8827e-02
  204  11.0000   2.5000   0.0000  0.0000e+00  0.0000e+00  1.5356e+00 -4.7316e-02
  205  11.0000   3.0000   0.0000  0.0000e+00  0.0000e+00  1.5340e+00 -3.0288e-02
  206  11.0000   3.5000   0.0000  0.0000e+00  0.0000e+00  1.5366e+00 -1.4429e-04
