*HEADING
simple panel
*NODE
    1,  0.0000e+00,  0.0000e+00,  0.0
    2,  0.0000e+00,  5.0000e-01,  0.0
    3,  0.0000e+00,  1.0000e+00,  0.0
    4,  0.0000e+00,  1.5000e+00,  0.0
    5,  0.0000e+00,  2.0000e+00,  0.0
    6,  0.0000e+00,  2.5000e+00,  0.0
    7,  0.0000e+00,  3.0000e+00,  0.0
    8,  0.0000e+00,  3.5000e+00,  0.0
    9,  0.0000e+00,  4.0000e+00,  0.0
   10,  5.0000e-01,  0.0000e+00,  0.0
   11,  5.0000e-01,  5.0000e-01,  0.0
   12,  5.0000e-01,  1.0000e+00,  0.0
   13,  5.0000e-01,  1.5000e+00,  0.0
   14,  5.0000e-01,  2.0000e+00,  0.0
   15,  5.0000e-01,  2.5000e+00,  0.0
   16,  5.0000e-01,  3.0000e+00,  0.0
   17,  5.0000e-01,  3.5000e+00,  0.0
   18,  5.0000e-01,  4.0000e+00,  0.0
   19,  1.0000e+00,  0.0000e+00,  0.0
   20,  1.0000e+00,  5.0000e-01,  0.0
   21,  1.0000e+00,  1.0000e+00,  0.0
   22,  1.0000e+00,  1.5000e+00,  0.0
   23,  1.0000e+00,  2.0000e+00,  0.0
   24,  1.0000e+00,  2.5000e+00,  0.0
   25,  1.0000e+00,  3.0000e+00,  0.0
   26,  1.0000e+00,  3.5000e+00,  0.0
   27,  1.0000e+00,  4.0000e+00,  0.0
   28,  1.5000e+00,  0.0000e+00,  0.0
   29,  1.5000e+00,  5.0000e-01,  0.0
   30,  1.5000e+00,  1.0000e+00,  0.0
   31,  1.5000e+00,  1.5000e+00,  0.0
   32,  1.5000e+00,  2.0000e+00,  0.0
   33,  1.5000e+00,  2.5000e+00,  0.0
   34,  1.5000e+00,  3.0000e+00,  0.0
   35,  1.5000e+00,  3.5000e+00,  0.0
   36,  1.5000e+00,  4.0000e+00,  0.0
   37,  2.0000e+00,  0.0000e+00,  0.0
   38,  2.0000e+00,  5.0000e-01,  0.0
   39,  2.0000e+00,  1.0000e+00,  0.0
   40,  2.0000e+00,  1.5000e+00,  0.0
   41,  2.0000e+00,  2.0000e+00,  0.0
   42,  2.0000e+00,  2.5000e+00,  0.0
   43,  2.0000e+00,  3.0000e+00,  0.0
   44,  2.0000e+00,  3.5000e+00,  0.0
   45,  2.0000e+00,  4.0000e+00,  0.0
   46,  2.5000e+00,  0.0000e+00,  0.0
   47,  2.5000e+00,  5.0000e-01,  0.0
   48,  2.5000e+00,  1.0000e+00,  0.0
   49,  2.5000e+00,  1.5000e+00,  0.0
   50,  2.5000e+00,  2.0000e+00,  0.0
   51,  2.5000e+00,  2.5000e+00,  0.0
   52,  2.5000e+00,  3.0000e+00,  0.0
   53,  2.5000e+00,  3.5000e+00,  0.0
   54,  2.5000e+00,  4.0000e+00,  0.0
   55,  3.0000e+00,  0.0000e+00,  0.0
   56,  3.0000e+00,  5.0000e-01,  0.0
   57,  3.0000e+00,  1.0000e+00,  0.0
   58,  3.0000e+00,  1.5000e+00,  0.0
   59,  3.0000e+00,  2.0000e+00,  0.0
   60,  3.0000e+00,  2.5000e+00,  0.0
   61,  3.0000e+00,  3.0000e+00,  0.0
   62,  3.0000e+00,  3.5000e+00,  0.0
   63,  3.0000e+00,  4.0000e+00,  0.0
   64,  3.5000e+00,  0.0000e+00,  0.0
   65,  3.5000e+00,  5.0000e-01,  0.0
   66,  3.5000e+00,  1.0000e+00,  0.0
   67,  3.5000e+00,  1.5000e+00,  0.0
   68,  3.5000e+00,  2.0000e+00,  0.0
   69,  3.5000e+00,  2.5000e+00,  0.0
   70,  3.5000e+00,  3.0000e+00,  0.0
   71,  3.5000e+00,  3.5000e+00,  0.0
   72,  3.5000e+00,  4.0000e+00,  0.0
   73,  4.0000e+00,  0.0000e+00,  0.0
   74,  4.0000e+00,  5.0000e-01,  0.0
   75,  4.0000e+00,  1.0000e+00,  0.0
   76,  4.0000e+00,  1.5000e+00,  0.0
   77,  4.0000e+00,  2.0000e+00,  0.0
   78,  4.0000e+00,  2.5000e+00,  0.0
   79,  4.0000e+00,  3.0000e+00,  0.0
   80,  4.0000e+00,  3.5000e+00,  0.0
   81,  4.0000e+00,  4.0000e+00,  0.0
   82,  4.5000e+00,  0.0000e+00,  0.0
   83,  4.5000e+00,  5.0000e-01,  0.0
   84,  4.5000e+00,  1.0000e+00,  0.0
   85,  4.5000e+00,  1.5000e+00,  0.0
   86,  4.5000e+00,  2.0000e+00,  0.0
   87,  4.5000e+00,  2.5000e+00,  0.0
   88,  4.5000e+00,  3.0000e+00,  0.0
   89,  4.5000e+00,  3.5000e+00,  0.0
   90,  4.5000e+00,  4.0000e+00,  0.0
   91,  5.0000e+00,  0.0000e+00,  0.0
   92,  5.0000e+00,  5.0000e-01,  0.0
   93,  5.0000e+00,  1.0000e+00,  0.0
   94,  5.0000e+00,  1.5000e+00,  0.0
   95,  5.0000e+00,  2.0000e+00,  0.0
   96,  5.0000e+00,  2.5000e+00,  0.0
   97,  5.0000e+00,  3.0000e+00,  0.0
   98,  5.0000e+00,  3.5000e+00,  0.0
   99,  5.0000e+00,  4.0000e+00,  0.0
  100,  5.5000e+00,  0.0000e+00,  0.0
  101,  5.5000e+00,  5.0000e-01,  0.0
  102,  5.5000e+00,  1.0000e+00,  0.0
  103,  5.5000e+00,  1.5000e+00,  0.0
  104,  5.5000e+00,  2.0000e+00,  0.0
  105,  5.5000e+00,  2.5000e+00,  0.0
  106,  5.5000e+00,  3.0000e+00,  0.0
  107,  5.5000e+00,  3.5000e+00,  0.0
  108,  5.5000e+00,  4.0000e+00,  0.0
  109,  6.0000e+00,  0.0000e+00,  0.0
  110,  6.0000e+00,  5.0000e-01,  0.0
  111,  6.0000e+00,  1.0000e+00,  0.0
  112,  6.0000e+00,  1.5000e+00,  0.0
  113,  6.0000e+00,  2.0000e+00,  0.0
  114,  6.0000e+00,  2.5000e+00,  0.0
  115,  6.0000e+00,  3.0000e+00,  0.0
  116,  6.0000e+00,  3.5000e+00,  0.0
  117,  6.0000e+00,  4.0000e+00,  0.0
  118,  6.5000e+00,  0.0000e+00,  0.0
  119,  6.5000e+00,  5.0000e-01,  0.0
  120,  6.5000e+00,  1.0000e+00,  0.0
  121,  6.5000e+00,  1.5000e+00,  0.0
  122,  6.5000e+00,  2.0000e+00,  0.0
  123,  6.5000e+00,  2.5000e+00,  0.0
  124,  6.5000e+00,  3.0000e+00,  0.0
  125,  6.5000e+00,  3.5000e+00,  0.0
  126,  6.5000e+00,  4.0000e+00,  0.0
  127,  7.0000e+00,  0.0000e+00,  0.0
  128,  7.0000e+00,  5.0000e-01,  0.0
  129,  7.0000e+00,  1.0000e+00,  0.0
  130,  7.0000e+00,  1.5000e+00,  0.0
  131,  7.0000e+00,  2.0000e+00,  0.0
  132,  7.0000e+00,  2.5000e+00,  0.0
  133,  7.0000e+00,  3.0000e+00,  0.0
  134,  7.0000e+00,  3.5000e+00,  0.0
  135,  7.0000e+00,  4.0000e+00,  0.0
  136,  7.5000e+00,  0.0000e+00,  0.0
  137,  7.5000e+00,  5.0000e-01,  0.0
  138,  7.5000e+00,  1.0000e+00,  0.0
  139,  7.5000e+00,  1.5000e+00,  0.0
  140,  7.5000e+00,  2.0000e+00,  0.0
  141,  7.5000e+00,  2.5000e+00,  0.0
  142,  7.5000e+00,  3.0000e+00,  0.0
  143,  7.5000e+00,  3.5000e+00,  0.0
  144,  7.5000e+00,  4.0000e+00,  0.0
  145,  8.0000e+00,  0.0000e+00,  0.0
  146,  8.0000e+00,  5.0000e-01,  0.0
  147,  8.0000e+00,  1.0000e+00,  0.0
  148,  8.0000e+00,  1.5000e+00,  0.0
  149,  8.0000e+00,  2.0000e+00,  0.0
  150,  8.0000e+00,  2.5000e+00,  0.0
  151,  8.0000e+00,  3.0000e+00,  0.0
  152,  8.0000e+00,  3.5000e+00,  0.0
  153,  8.0000e+00,  4.0000e+00,  0.0
  154,  8.5000e+00,  0.0000e+00,  0.0
  155,  8.5000e+00,  5.0000e-01,  0.0
  156,  8.5000e+00,  1.0000e+00,  0.0
  157,  8.5000e+00,  1.5000e+00,  0.0
  158,  8.5000e+00,  2.0000e+00,  0.0
  159,  8.5000e+00,  2.5000e+00,  0.0
  160,  8.5000e+00,  3.0000e+00,  0.0
  161,  8.5000e+00,  3.5000e+00,  0.0
  162,  8.5000e+00,  4.0000e+00,  0.0
  163,  9.0000e+00,  0.0000e+00,  0.0
  164,  9.0000e+00,  5.0000e-01,  0.0
  165,  9.0000e+00,  1.0000e+00,  0.0
  166,  9.0000e+00,  1.5000e+00,  0.0
  167,  9.0000e+00,  2.0000e+00,  0.0
  168,  9.0000e+00,  2.5000e+00,  0.0
  169,  9.0000e+00,  3.0000e+00,  0.0
  170,  9.0000e+00,  3.5000e+00,  0.0
  171,  9.0000e+00,  4.0000e+00,  0.0
  172,  9.5000e+00,  0.0000e+00,  0.0
  173,  9.5000e+00,  5.0000e-01,  0.0
  174,  9.5000e+00,  1.0000e+00,  0.0
  175,  9.5000e+00,  1.5000e+00,  0.0
  176,  9.5000e+00,  2.0000e+00,  0.0
  177,  9.5000e+00,  2.5000e+00,  0.0
  178,  9.5000e+00,  3.0000e+00,  0.0
  179,  9.5000e+00,  3.5000e+00,  0.0
  180,  9.5000e+00,  4.0000e+00,  0.0
  181,  1.0000e+01,  0.0000e+00,  0.0
  182,  1.0000e+01,  5.0000e-01,  0.0
  183,  1.0000e+01,  1.0000e+00,  0.0
  184,  1.0000e+01,  1.5000e+00,  0.0
  185,  1.0000e+01,  2.0000e+00,  0.0
  186,  1.0000e+01,  2.5000e+00,  0.0
  187,  1.0000e+01,  3.0000e+00,  0.0
  188,  1.0000e+01,  3.5000e+00,  0.0
  189,  1.0000e+01,  4.0000e+00,  0.0
  190,  1.0500e+01,  0.0000e+00,  0.0
  191,  1.0500e+01,  5.0000e-01,  0.0
  192,  1.0500e+01,  1.0000e+00,  0.0
  193,  1.0500e+01,  1.5000e+00,  0.0
  194,  1.0500e+01,  2.0000e+00,  0.0
  195,  1.0500e+01,  2.5000e+00,  0.0
  196,  1.0500e+01,  3.0000e+00,  0.0
  197,  1.0500e+01,  3.5000e+00,  0.0
  198,  1.0500e+01,  4.0000e+00,  0.0
  199,  1.1000e+01,  0.0000e+00,  0.0
  200,  1.1000e+01,  5.0000e-01,  0.0
  201,  1.1000e+01,  1.0000e+00,  0.0
  202,  1.1000e+01,  1.5000e+00,  0.0
  203,  1.1000e+01,  2.0000e+00,  0.0
  204,  1.1000e+01,  2.5000e+00,  0.0
  205,  1.1000e+01,  3.0000e+00,  0.0
  206,  1.1000e+01,  3.5000e+00,  0.0
  207,  1.1000e+01,  4.0000e+00,  0.0
  208,  0.0, -0.5
  209,  0.5, -0.5
  210,  4.0000e+00,  4.5000e+00,  0.0
***************************************************
*SOLID SECTION, ELSET=EL1, MATERIAL=MAT2
 0.600
*MATERIAL, NAME=MAT1
*DENSITY
   2.5e-3
*ELASTIC
 36000., 0.2
*MATERIAL, NAME=MAT2
*DENSITY
   2.5e-3
*ELASTICLT
   31900., 0.2, 3.0, 200.0e-6, 1.0e-02, 0.0, 0.0, 0, 1.5
*MATERIAL, NAME=MAT3
*DENSITY
   2.5e-3
*ISODAMAGE
   36300.,0.2,   40.,3.5,  1,1.2,0.2,2.0,  2,150.e-6,  20., "C40 according to MC2010"
***************************************************
*ELEMENT, TYPE=CPS4, ELSET=EL1
    1,       1,     10,     11,      2
    2,       2,     11,     12,      3
    3,       3,     12,     13,      4
    4,       4,     13,     14,      5
    5,       5,     14,     15,      6
    6,       6,     15,     16,      7
    7,       7,     16,     17,      8
    8,       8,     17,     18,      9
    9,      10,     19,     20,     11
   10,      11,     20,     21,     12
   11,      12,     21,     22,     13
   12,      13,     22,     23,     14
   13,      14,     23,     24,     15
   14,      15,     24,     25,     16
   15,      16,     25,     26,     17
   16,      17,     26,     27,     18
   17,      19,     28,     29,     20
   18,      20,     29,     30,     21
   19,      21,     30,     31,     22
   20,      22,     31,     32,     23
   21,      23,     32,     33,     24
   22,      24,     33,     34,     25
   23,      25,     34,     35,     26
   24,      26,     35,     36,     27
   25,      28,     37,     38,     29
   26,      29,     38,     39,     30
   27,      30,     39,     40,     31
   28,      31,     40,     41,     32
   29,      32,     41,     42,     33
   30,      33,     42,     43,     34
   31,      34,     43,     44,     35
   32,      35,     44,     45,     36
   33,      37,     46,     47,     38
   34,      38,     47,     48,     39
   35,      39,     48,     49,     40
   36,      40,     49,     50,     41
   37,      41,     50,     51,     42
   38,      42,     51,     52,     43
   39,      43,     52,     53,     44
   40,      44,     53,     54,     45
   41,      46,     55,     56,     47
   42,      47,     56,     57,     48
   43,      48,     57,     58,     49
   44,      49,     58,     59,     50
   45,      50,     59,     60,     51
   46,      51,     60,     61,     52
   47,      52,     61,     62,     53
   48,      53,     62,     63,     54
   49,      55,     64,     65,     56
   50,      56,     65,     66,     57
   51,      57,     66,     67,     58
   52,      58,     67,     68,     59
   53,      59,     68,     69,     60
   54,      60,     69,     70,     61
   55,      61,     70,     71,     62
   56,      62,     71,     72,     63
   57,      64,     73,     74,     65
   58,      65,     74,     75,     66
   59,      66,     75,     76,     67
   60,      67,     76,     77,     68
   61,      68,     77,     78,     69
   62,      69,     78,     79,     70
   63,      70,     79,     80,     71
   64,      71,     80,     81,     72
   65,      73,     82,     83,     74
   66,      74,     83,     84,     75
   67,      75,     84,     85,     76
   68,      76,     85,     86,     77
   69,      77,     86,     87,     78
   70,      78,     87,     88,     79
   71,      79,     88,     89,     80
   72,      80,     89,     90,     81
   73,      82,     91,     92,     83
   74,      83,     92,     93,     84
   75,      84,     93,     94,     85
   76,      85,     94,     95,     86
   77,      86,     95,     96,     87
   78,      87,     96,     97,     88
   79,      88,     97,     98,     89
   80,      89,     98,     99,     90
   81,      91,    100,    101,     92
   82,      92,    101,    102,     93
   83,      93,    102,    103,     94
   84,      94,    103,    104,     95
   85,      95,    104,    105,     96
   86,      96,    105,    106,     97
   87,      97,    106,    107,     98
   88,      98,    107,    108,     99
   89,     100,    109,    110,    101
   90,     101,    110,    111,    102
   91,     102,    111,    112,    103
   92,     103,    112,    113,    104
   93,     104,    113,    114,    105
   94,     105,    114,    115,    106
   95,     106,    115,    116,    107
   96,     107,    116,    117,    108
   97,     109,    118,    119,    110
   98,     110,    119,    120,    111
   99,     111,    120,    121,    112
  100,     112,    121,    122,    113
  101,     113,    122,    123,    114
  102,     114,    123,    124,    115
  103,     115,    124,    125,    116
  104,     116,    125,    126,    117
  105,     118,    127,    128,    119
  106,     119,    128,    129,    120
  107,     120,    129,    130,    121
  110,     123,    132,    133,    124
  111,     124,    133,    134,    125
  112,     125,    134,    135,    126
  113,     127,    136,    137,    128
  114,     128,    137,    138,    129
  115,     129,    138,    139,    130
  118,     132,    141,    142,    133
  119,     133,    142,    143,    134
  120,     134,    143,    144,    135
  121,     136,    145,    146,    137
  122,     137,    146,    147,    138
  123,     138,    147,    148,    139
  126,     141,    150,    151,    142
  127,     142,    151,    152,    143
  128,     143,    152,    153,    144
  129,     145,    154,    155,    146
  130,     146,    155,    156,    147
  131,     147,    156,    157,    148
  132,     148,    157,    158,    149
  133,     149,    158,    159,    150
  134,     150,    159,    160,    151
  135,     151,    160,    161,    152
  136,     152,    161,    162,    153
  137,     154,    163,    164,    155
  138,     155,    164,    165,    156
  139,     156,    165,    166,    157
  140,     157,    166,    167,    158
  141,     158,    167,    168,    159
  142,     159,    168,    169,    160
  143,     160,    169,    170,    161
  144,     161,    170,    171,    162
  145,     163,    172,    173,    164
  146,     164,    173,    174,    165
  147,     165,    174,    175,    166
  148,     166,    175,    176,    167
  149,     167,    176,    177,    168
  150,     168,    177,    178,    169
  151,     169,    178,    179,    170
  152,     170,    179,    180,    171
  153,     172,    181,    182,    173
  154,     173,    182,    183,    174
  155,     174,    183,    184,    175
  156,     175,    184,    185,    176
  157,     176,    185,    186,    177
  158,     177,    186,    187,    178
  159,     178,    187,    188,    179
  160,     179,    188,    189,    180
  161,     181,    190,    191,    182
  162,     182,    191,    192,    183
  163,     183,    192,    193,    184
  164,     184,    193,    194,    185
  165,     185,    194,    195,    186
  166,     186,    195,    196,    187
  167,     187,    196,    197,    188
  168,     188,    197,    198,    189
  169,     190,    199,    200,    191
  170,     191,    200,    201,    192
  171,     192,    201,    202,    193
  172,     193,    202,    203,    194
  173,     194,    203,    204,    195
  174,     195,    204,    205,    196
  175,     196,    205,    206,    197
  176,     197,    206,    207,    198
***************************************************
*SOLID SECTION, ELSET=REX, MATERIAL=MIX2
 0.006
*MATERIAL, NAME=MIX
*ELASTIC
 200000., 0.2
*MATERIAL, NAME=MIX2
*DENSITY
   7.8e-3
*MISESREMEM
   200000.,    0.0,    500.,   550.,  0.05,   1.e-5, 0.1
*ELEMENT, TYPE=CPS4, ELSET=REX
    1001,       1,     10,     11,      2
    1002,       2,     11,     12,      3
    1003,       3,     12,     13,      4
    1004,       4,     13,     14,      5
    1005,       5,     14,     15,      6
    1006,       6,     15,     16,      7
    1007,       7,     16,     17,      8
    1008,       8,     17,     18,      9
    1009,      10,     19,     20,     11
    1010,      11,     20,     21,     12
    1011,      12,     21,     22,     13
    1012,      13,     22,     23,     14
    1013,      14,     23,     24,     15
    1014,      15,     24,     25,     16
    1015,      16,     25,     26,     17
    1016,      17,     26,     27,     18
    1017,      19,     28,     29,     20
    1018,      20,     29,     30,     21
    1019,      21,     30,     31,     22
    1020,      22,     31,     32,     23
    1021,      23,     32,     33,     24
    1022,      24,     33,     34,     25
    1023,      25,     34,     35,     26
    1024,      26,     35,     36,     27
    1025,      28,     37,     38,     29
    1026,      29,     38,     39,     30
    1027,      30,     39,     40,     31
    1028,      31,     40,     41,     32
    1029,      32,     41,     42,     33
    1030,      33,     42,     43,     34
    1031,      34,     43,     44,     35
    1032,      35,     44,     45,     36
    1033,      37,     46,     47,     38
    1034,      38,     47,     48,     39
    1035,      39,     48,     49,     40
    1036,      40,     49,     50,     41
    1037,      41,     50,     51,     42
    1038,      42,     51,     52,     43
    1039,      43,     52,     53,     44
    1040,      44,     53,     54,     45
    1041,      46,     55,     56,     47
    1042,      47,     56,     57,     48
    1043,      48,     57,     58,     49
    1044,      49,     58,     59,     50
    1045,      50,     59,     60,     51
    1046,      51,     60,     61,     52
    1047,      52,     61,     62,     53
    1048,      53,     62,     63,     54
    1049,      55,     64,     65,     56
    1050,      56,     65,     66,     57
    1051,      57,     66,     67,     58
    1052,      58,     67,     68,     59
    1053,      59,     68,     69,     60
    1054,      60,     69,     70,     61
    1055,      61,     70,     71,     62
    1056,      62,     71,     72,     63
    1057,      64,     73,     74,     65
    1058,      65,     74,     75,     66
    1059,      66,     75,     76,     67
    1060,      67,     76,     77,     68
    1061,      68,     77,     78,     69
    1062,      69,     78,     79,     70
    1063,      70,     79,     80,     71
    1064,      71,     80,     81,     72
    1065,      73,     82,     83,     74
    1066,      74,     83,     84,     75
    1067,      75,     84,     85,     76
    1068,      76,     85,     86,     77
    1069,      77,     86,     87,     78
    1070,      78,     87,     88,     79
    1071,      79,     88,     89,     80
    1072,      80,     89,     90,     81
    1073,      82,     91,     92,     83
    1074,      83,     92,     93,     84
    1075,      84,     93,     94,     85
    1076,      85,     94,     95,     86
    1077,      86,     95,     96,     87
    1078,      87,     96,     97,     88
    1079,      88,     97,     98,     89
    1080,      89,     98,     99,     90
    1081,      91,    100,    101,     92
    1082,      92,    101,    102,     93
    1083,      93,    102,    103,     94
    1084,      94,    103,    104,     95
    1085,      95,    104,    105,     96
    1086,      96,    105,    106,     97
    1087,      97,    106,    107,     98
    1088,      98,    107,    108,     99
    1089,     100,    109,    110,    101
    1090,     101,    110,    111,    102
    1091,     102,    111,    112,    103
    1092,     103,    112,    113,    104
    1093,     104,    113,    114,    105
    1094,     105,    114,    115,    106
    1095,     106,    115,    116,    107
    1096,     107,    116,    117,    108
    1097,     109,    118,    119,    110
    1098,     110,    119,    120,    111
    1099,     111,    120,    121,    112
    1100,     112,    121,    122,    113
    1101,     113,    122,    123,    114
    1102,     114,    123,    124,    115
    1103,     115,    124,    125,    116
    1104,     116,    125,    126,    117
    1105,     118,    127,    128,    119
    1106,     119,    128,    129,    120
    1107,     120,    129,    130,    121
    1110,     123,    132,    133,    124
    1111,     124,    133,    134,    125
    1112,     125,    134,    135,    126
    1113,     127,    136,    137,    128
    1114,     128,    137,    138,    129
    1115,     129,    138,    139,    130
    1118,     132,    141,    142,    133
    1119,     133,    142,    143,    134
    1120,     134,    143,    144,    135
    1121,     136,    145,    146,    137
    1122,     137,    146,    147,    138
    1123,     138,    147,    148,    139
    1126,     141,    150,    151,    142
    1127,     142,    151,    152,    143
    1128,     143,    152,    153,    144
    1129,     145,    154,    155,    146
    1130,     146,    155,    156,    147
    1131,     147,    156,    157,    148
    1132,     148,    157,    158,    149
    1133,     149,    158,    159,    150
    1134,     150,    159,    160,    151
    1135,     151,    160,    161,    152
    1136,     152,    161,    162,    153
    1137,     154,    163,    164,    155
    1138,     155,    164,    165,    156
    1139,     156,    165,    166,    157
    1140,     157,    166,    167,    158
    1141,     158,    167,    168,    159
    1142,     159,    168,    169,    160
    1143,     160,    169,    170,    161
    1144,     161,    170,    171,    162
    1145,     163,    172,    173,    164
    1146,     164,    173,    174,    165
    1147,     165,    174,    175,    166
    1148,     166,    175,    176,    167
    1149,     167,    176,    177,    168
    1150,     168,    177,    178,    169
    1151,     169,    178,    179,    170
    1152,     170,    179,    180,    171
    1153,     172,    181,    182,    173
    1154,     173,    182,    183,    174
    1155,     174,    183,    184,    175
    1156,     175,    184,    185,    176
    1157,     176,    185,    186,    177
    1158,     177,    186,    187,    178
    1159,     178,    187,    188,    179
    1160,     179,    188,    189,    180
    1161,     181,    190,    191,    182
    1162,     182,    191,    192,    183
    1163,     183,    192,    193,    184
    1164,     184,    193,    194,    185
    1165,     185,    194,    195,    186
    1166,     186,    195,    196,    187
    1167,     187,    196,    197,    188
    1168,     188,    197,    198,    189
    1169,     190,    199,    200,    191
    1170,     191,    200,    201,    192
    1171,     192,    201,    202,    193
    1172,     193,    202,    203,    194
    1173,     194,    203,    204,    195
    1174,     195,    204,    205,    196
    1175,     196,    205,    206,    197
    1176,     197,    206,    207,    198
***************************************************
*SOLID SECTION, ELSET=REY, MATERIAL=MIY2
 0.006
*MATERIAL, NAME=MIY
*ELASTIC
 200000., 0.2
*MATERIAL, NAME=MIY2
*DENSITY
   7.8e-3
*MISESREMEM
   200000.,    90.0,    500.,   550.,  0.05,   1.e-5, 0.1
*ELEMENT, TYPE=CPS4, ELSET=REY
    2001,       1,     10,     11,      2
    2002,       2,     11,     12,      3
    2003,       3,     12,     13,      4
    2004,       4,     13,     14,      5
    2005,       5,     14,     15,      6
    2006,       6,     15,     16,      7
    2007,       7,     16,     17,      8
    2008,       8,     17,     18,      9
    2009,      10,     19,     20,     11
    2010,      11,     20,     21,     12
    2011,      12,     21,     22,     13
    2012,      13,     22,     23,     14
    2013,      14,     23,     24,     15
    2014,      15,     24,     25,     16
    2015,      16,     25,     26,     17
    2016,      17,     26,     27,     18
    2017,      19,     28,     29,     20
    2018,      20,     29,     30,     21
    2019,      21,     30,     31,     22
    2020,      22,     31,     32,     23
    2021,      23,     32,     33,     24
    2022,      24,     33,     34,     25
    2023,      25,     34,     35,     26
    2024,      26,     35,     36,     27
    2025,      28,     37,     38,     29
    2026,      29,     38,     39,     30
    2027,      30,     39,     40,     31
    2028,      31,     40,     41,     32
    2029,      32,     41,     42,     33
    2030,      33,     42,     43,     34
    2031,      34,     43,     44,     35
    2032,      35,     44,     45,     36
    2033,      37,     46,     47,     38
    2034,      38,     47,     48,     39
    2035,      39,     48,     49,     40
    2036,      40,     49,     50,     41
    2037,      41,     50,     51,     42
    2038,      42,     51,     52,     43
    2039,      43,     52,     53,     44
    2040,      44,     53,     54,     45
    2041,      46,     55,     56,     47
    2042,      47,     56,     57,     48
    2043,      48,     57,     58,     49
    2044,      49,     58,     59,     50
    2045,      50,     59,     60,     51
    2046,      51,     60,     61,     52
    2047,      52,     61,     62,     53
    2048,      53,     62,     63,     54
    2049,      55,     64,     65,     56
    2050,      56,     65,     66,     57
    2051,      57,     66,     67,     58
    2052,      58,     67,     68,     59
    2053,      59,     68,     69,     60
    2054,      60,     69,     70,     61
    2055,      61,     70,     71,     62
    2056,      62,     71,     72,     63
    2057,      64,     73,     74,     65
    2058,      65,     74,     75,     66
    2059,      66,     75,     76,     67
    2060,      67,     76,     77,     68
    2061,      68,     77,     78,     69
    2062,      69,     78,     79,     70
    2063,      70,     79,     80,     71
    2064,      71,     80,     81,     72
    2065,      73,     82,     83,     74
    2066,      74,     83,     84,     75
    2067,      75,     84,     85,     76
    2068,      76,     85,     86,     77
    2069,      77,     86,     87,     78
    2070,      78,     87,     88,     79
    2071,      79,     88,     89,     80
    2072,      80,     89,     90,     81
    2073,      82,     91,     92,     83
    2074,      83,     92,     93,     84
    2075,      84,     93,     94,     85
    2076,      85,     94,     95,     86
    2077,      86,     95,     96,     87
    2078,      87,     96,     97,     88
    2079,      88,     97,     98,     89
    2080,      89,     98,     99,     90
    2081,      91,    100,    101,     92
    2082,      92,    101,    102,     93
    2083,      93,    102,    103,     94
    2084,      94,    103,    104,     95
    2085,      95,    104,    105,     96
    2086,      96,    105,    106,     97
    2087,      97,    106,    107,     98
    2088,      98,    107,    108,     99
    2089,     100,    109,    110,    101
    2090,     101,    110,    111,    102
    2091,     102,    111,    112,    103
    2092,     103,    112,    113,    104
    2093,     104,    113,    114,    105
    2094,     105,    114,    115,    106
    2095,     106,    115,    116,    107
    2096,     107,    116,    117,    108
    2097,     109,    118,    119,    110
    2098,     110,    119,    120,    111
    2099,     111,    120,    121,    112
    2100,     112,    121,    122,    113
    2101,     113,    122,    123,    114
    2102,     114,    123,    124,    115
    2103,     115,    124,    125,    116
    2104,     116,    125,    126,    117
    2105,     118,    127,    128,    119
    2106,     119,    128,    129,    120
    2107,     120,    129,    130,    121
    2110,     123,    132,    133,    124
    2111,     124,    133,    134,    125
    2112,     125,    134,    135,    126
    2113,     127,    136,    137,    128
    2114,     128,    137,    138,    129
    2115,     129,    138,    139,    130
    2118,     132,    141,    142,    133
    2119,     133,    142,    143,    134
    2120,     134,    143,    144,    135
    2121,     136,    145,    146,    137
    2122,     137,    146,    147,    138
    2123,     138,    147,    148,    139
    2126,     141,    150,    151,    142
    2127,     142,    151,    152,    143
    2128,     143,    152,    153,    144
    2129,     145,    154,    155,    146
    2130,     146,    155,    156,    147
    2131,     147,    156,    157,    148
    2132,     148,    157,    158,    149
    2133,     149,    158,    159,    150
    2134,     150,    159,    160,    151
    2135,     151,    160,    161,    152
    2136,     152,    161,    162,    153
    2137,     154,    163,    164,    155
    2138,     155,    164,    165,    156
    2139,     156,    165,    166,    157
    2140,     157,    166,    167,    158
    2141,     158,    167,    168,    159
    2142,     159,    168,    169,    160
    2143,     160,    169,    170,    161
    2144,     161,    170,    171,    162
    2145,     163,    172,    173,    164
    2146,     164,    173,    174,    165
    2147,     165,    174,    175,    166
    2148,     166,    175,    176,    167
    2149,     167,    176,    177,    168
    2150,     168,    177,    178,    169
    2151,     169,    178,    179,    170
    2152,     170,    179,    180,    171
    2153,     172,    181,    182,    173
    2154,     173,    182,    183,    174
    2155,     174,    183,    184,    175
    2156,     175,    184,    185,    176
    2157,     176,    185,    186,    177
    2158,     177,    186,    187,    178
    2159,     178,    187,    188,    179
    2160,     179,    188,    189,    180
    2161,     181,    190,    191,    182
    2162,     182,    191,    192,    183
    2163,     183,    192,    193,    184
    2164,     184,    193,    194,    185
    2165,     185,    194,    195,    186
    2166,     186,    195,    196,    187
    2167,     187,    196,    197,    188
    2168,     188,    197,    198,    189
    2169,     190,    199,    200,    191
    2170,     191,    200,    201,    192
    2171,     192,    201,    202,    193
    2172,     193,    202,    203,    194
    2173,     194,    203,    204,    195
    2174,     195,    204,    205,    196
    2175,     196,    205,    206,    197
    2176,     197,    206,    207,    198
***************************************************
*SOLID SECTION, ELSET=ELA, MATERIAL=MATA
 0.600
*MATERIAL, NAME=MATA
*DENSITY
   2.5e-3
*ELASTIC
 31900., 0.2
*ELEMENT, TYPE=CPS3, ELSET=ELA
    3000,       208,    10,      1
    3001,       208,    209,     10
    3002,       72,     81,     210
    3003,       81,     90,     210
********************************************
*SOLID SECTION, ELSET=SIREBAR, MATERIAL=MATS
 0.0012
*MATERIAL, NAME=MATS
*DENSITY
   2.5e-3
*MISES
   200000.,    0.0,    500.,   550.,  0.05,   1.e-5, 0.1
**   200000.,    0.0,    5000.,   5500.,  0.5,   1.e-5
**   200000.,    0.0,    500.,   550.,  0.05,   1.e-5
*MATERIAL, NAME=MATSE
*ELASTIC
 200000., 0.2
*ELEMENT, TYPE=T2D2, ELSET=SIREBAR
      4000,       96,  105
      4001,      105,  114
      4002,      114,  123
      4003,      123,  132
      4004,      132,  141
      4005,      141,  150
      4006,      121,  130
      4007,      130,  139
      4008,      139,  148
      4009,      148,  157
      4010,      157,  166
      4011,      166,  175
**
      4012,      121,  122
      4013,      122,  123
      4014,      123,  124
      4015,      124,  125
      4016,      125,  126
      4017,      145,  146
      4018,      146,  147
      4019,      147,  148
      4020,      148,  149
      4021,      149,  150
*******************************************
*STEP
*SOLUTION TECHNIQUE, TYPE=QUASI-NEWTON
*CONTROLS, PARAMETERS=FIELD
  5.e-5
*CONTROLS, PARAMETERS=TIME INCREMENTATION
  20
***STATIC, RIKS
*STATIC
   0.005,   2.0, 0.0003
*BOUNDARY, OP=NEW
  199,    1,1,  0.
  200,    1,1,  0.
  201,    1,1,  0.
  202,    1,1,  0.
  203,    1,1,  0.
  204,    1,1,  0.
  205,    1,1,  0.
  206,    1,1,  0.
  207,    1,1,  0.
  199,    2,2,  0.
  200,    2,2,  0.
  201,    2,2,  0.
  202,    2,2,  0.
  203,    2,2,  0.
  204,    2,2,  0.
  205,    2,2,  0.
  206,    2,2,  0.
  207,    2,2,  0.
  208,    2,2,  0.
  209,    2,2,  0.
  210,    2,2,  -0.02
*AMPLITUDE, NAME=AMPL0
 0.0, 0.0,  1.0, 1.0
***CLOAD, AMPLITUDE=AMPL0
**     81, 2,  -5.
***CLOAD, AMPLITUDE=AMPL0
**    9, 2,   -0.0300
**   18, 2,   -0.0300
**   27, 2,   -0.0300
**   36, 2,   -0.0300
**   45, 2,   -0.0300
**   54, 2,   -0.0300
**   63, 2,   -0.0300
**   72, 2,   -0.0300
**   81, 2,   -0.0300
**   90, 2,   -0.0300
**   99, 2,   -0.0300
**  108, 2,   -0.0300
**  117, 2,   -0.0300
**  126, 2,   -0.0300
**  135, 2,   -0.0300
**  144, 2,   -0.0300
**  153, 2,   -0.0300
**  162, 2,   -0.0300
**  171, 2,   -0.0300
**  180, 2,   -0.0300
**  189, 2,   -0.0300
**  198, 2,   -0.0300
**  207, 2,   -0.0300
*EL FILE, FREQUENCY=1.0
S
E
*NODE FILE, FREQUENCY=1.0
U
*END STEP
********************************************