ConFem:  C:/Users/regga/Desktop/ConFEM2D/examples/ex4/ex4
symmetric system False
0 step starts NR
1 0 1.0 0.0 0 0.0 0.0 1.0
1 0 1.0 0.040260080577030545 1 4.705647505688685e-15 0.010000000000000002 1.0
2 0 1.0 0.040260080577030545 0 4.705647505688685e-15 0.0 1.0
2 0 1.0 0.08052016115408361 1 5.216851319456546e-15 0.010000000000000002 1.0
3 0 1.0 0.08052016115408361 0 5.216851319456546e-15 0.0 1.0
3 0 1.0 0.12078024173113666 1 6.129243659599188e-15 0.01 1.0
4 0 1.0 0.12078024173113666 0 6.129243659599188e-15 0.0 1.0
4 0 1.0 0.16104032230818963 1 5.440666182165317e-15 0.010000000000000002 1.0
5 0 1.0 0.16104032230818963 0 5.440666182165317e-15 0.0 1.0
5 0 1.0 0.20130040288524262 1 6.8982542564728984e-15 0.010000000000000002 1.0
6 0 1.0 0.20130040288524262 0 6.8982542564728984e-15 0.0 1.0
6 0 1.0 0.24156048346229583 1 7.39348589519705e-15 0.010000000000000004 1.0
7 0 1.0 0.24156048346229583 0 7.39348589519705e-15 0.0 1.0
7 0 1.0 0.28182056403934874 1 7.06928040304247e-15 0.010000000000000002 1.0
8 0 1.0 0.28182056403934874 0 7.06928040304247e-15 0.0 1.0
8 0 1.0 0.3220806446164017 1 7.469544609286613e-15 0.01 1.0
9 0 1.0 0.3220806446164017 0 7.469544609286613e-15 0.0 1.0
9 0 1.0 0.36234072519345495 1 1.2190675500098875e-14 0.010000000000000002 1.0
10 0 1.0 0.36234072519345495 0 1.2190675500098875e-14 0.0 1.0
10 0 1.0 0.40260080577050794 1 1.127259684089371e-14 0.01 1.0
11 0 1.0 0.40260080577050794 0 1.127259684089371e-14 0.0 1.0
11 0 1.0 0.44286088634756077 1 8.358528114071262e-15 0.010000000000000002 1.0
12 0 1.0 0.44286088634756077 0 8.358528114071262e-15 0.0 1.0
12 0 1.0 0.48312096692461387 1 1.2553637041779901e-14 0.009999999999999998 1.0
13 0 1.0 0.48312096692461387 0 1.2553637041779901e-14 0.0 1.0
13 0 1.0 0.5233810475016667 1 1.300948937442491e-14 0.010000000000000002 1.0
14 0 1.0 0.5233810475016667 0 1.300948937442491e-14 0.0 1.0
14 0 1.0 0.5636411280787204 1 1.3599449848433098e-14 0.01 1.0
15 0 1.0 0.5636411280787204 0 1.3599449848433098e-14 0.0 1.0
15 0 1.0 0.6039012086557732 1 1.3912426216841822e-14 0.01 1.0
16 0 1.0 0.6039012086557732 0 1.3912426216841822e-14 0.0 1.0
16 0 1.0 0.6441612892328263 1 1.4885603283535883e-14 0.01 1.0
17 0 1.0 0.6441612892328263 0 1.4885603283535883e-14 0.0 1.0
17 0 1.0 0.6844213698098793 1 0.011913818195993048 0.01 1.0
17 0 1.0 0.6825271031573238 2 0.01029154290427148 0.010000000000000002 0.1198964465280407
17 0 1.0 0.6822211598801956 3 1.547590711162655e-14 0.010000000000000002 1.3684142224588279e-14
18 0 1.0 0.6822211598801956 0 1.547590711162655e-14 0.0 1.0
18 0 1.0 0.7202810305275353 1 0.009524806759030524 0.009999999999999995 1.0
18 0 1.0 0.7194214298396073 2 0.006176986632057947 0.010000000000000004 0.05114160694447264
18 0 1.0 0.7187116811466349 3 1.5377402584602767e-14 0.009999999999999997 4.0612223848265003e-14
19 0 1.0 0.7187116811466349 0 1.5377402584602767e-14 0.0 1.0
19 0 1.0 0.7552022024130676 1 0.010615644301790338 0.009999999999999998 1.0
19 0 1.0 0.7539663169162406 2 1.3782562456592667e-14 0.009999999999999998 7.45381697194795e-15
20 0 1.0 0.7539663169162406 0 1.3782562456592667e-14 0.0 1.0
20 0 1.0 0.7892209526858338 1 1.907033882926808e-14 0.009999999999999995 1.0
21 0 1.0 0.7892209526858338 0 1.907033882926808e-14 0.0 1.0
21 0 1.0 0.8244755884554397 1 0.0021556469628794387 0.009999999999999995 1.0
21 0 1.0 0.8240930573635521 2 1.7398538415328383e-14 0.01 1.5452654009366816e-14
22 0 1.0 0.8240930573635521 0 1.7398538415328383e-14 0.0 1.0
22 0 1.0 0.8589651620412494 1 2.5449351649904475e-14 0.010000000000000004 1.0
23 0 1.0 0.8589651620412494 0 2.5449351649904475e-14 0.0 1.0
23 0 1.0 0.8961138801607019 1 0.01842146495130202 0.01 1.0
23 0 1.0 0.8927707954272153 2 0.0033044871785158536 0.01 0.2331927826884963
23 0 1.0 0.8934412287489736 3 0.0025512208467493285 0.01 0.10352684177452008
23 0 1.0 0.8927707954272154 4 0.0033044871785153735 0.010000000000000004 0.13426595360404367
23 0 1.0 0.8934412287489732 5 0.0025512208467499136 0.01 0.10352684177451463
23 0 1.0 0.8927707954272154 6 0.0033044871785180225 0.010000000000000005 0.13426595360404125
23 0 1.0 0.8934412287489734 7 0.0025512208467491247 0.01 0.10352684177451453
23 0 1.0 0.8927707954272156 8 0.0033044871785154768 0.010000000000000002 0.13426595360403754
23 0 1.0 0.893441228748973 9 0.002551220846750833 0.009999999999999997 0.10352684177451812
24 0 1.0 0.892770795427215 0 0.002551630665629317 0.0 1.0
24 0 1.0 0.892770795427215 1 0.0007686426221017003 0.00010327792842672453 1.0
24 0 1.0 0.892770795427215 2 1.7791511689992234e-14 9.539653450151078e-05 1.0
25 0 1.0 0.892770795427215 0 1.7791511689992234e-14 0.0 1.0
25 0 1.0 0.8559720274459466 1 0.021837849729065984 0.01 1.0
25 0 1.0 0.8556220773077562 2 0.012244436264902216 0.010000000000000004 1.0
25 0 1.0 0.856951739338222 3 0.02762039020697576 0.010000000000000002 1.0
25 0 1.0 0.8556220773077569 4 0.012244436264904754 0.010000000000000002 1.0
25 0 1.0 0.8569517393382221 5 0.027620390206970633 0.009999999999999998 1.0
25 0 1.0 0.8556220773077565 6 0.012244436264905316 0.01 1.0
25 0 1.0 0.8569517393382221 7 0.027620390206963955 0.009999999999999995 1.0
25 0 1.0 0.8556220773077566 8 0.01224443626490487 0.010000000000000004 1.0
25 0 1.0 0.856951739338222 9 0.027620390206971143 0.009999999999999998 1.0
26 0 1.0 0.8556220773077566 0 0.027617089209284254 0.0 1.0
26 0 1.0 0.8556220773077566 1 0.015387928386767767 0.00021484534652290024 1.0
26 0 1.0 0.8556220773077566 2 0.002991256069242427 0.0006154243384787167 0.4801455838807135
26 0 1.0 0.8556220773077566 3 0.0022369549598605927 0.0004355888937554591 0.16612356956940674
26 0 1.0 0.8556220773077566 4 0.002991256069243246 0.0006154243384785522 0.22210904690816521
26 0 1.0 0.8556220773077566 5 0.00223695495985901 0.00043558889375549864 0.16612356956939028
26 0 1.0 0.8556220773077566 6 0.002991256069246518 0.0006154243384786624 0.2221090469081904
26 0 1.0 0.8556220773077566 7 0.0022369549598596056 0.0004355888937555165 0.16612356956940905
26 0 1.0 0.8556220773077566 8 0.002991256069246206 0.000615424338478717 0.2221090469082139
26 0 1.0 0.8556220773077566 9 0.0022369549598598385 0.0004355888937554458 0.16612356956942964
27 0 1.0 0.8556220773077566 0 0.0022369549598598385 0.0 1.0
27 0 1.0 0.8556220773077566 1 0.0007543037349969899 0.00019120958485694076 1.0
27 0 1.0 0.8556220773077566 2 0.0005641235023462079 0.0001430101449099835 1.0
27 0 1.0 0.8556220773077566 3 0.0007543037349969991 0.00019120958485680916 1.0
27 0 1.0 0.8556220773077566 4 0.0005641235023452373 0.00014301014491002593 1.0
27 0 1.0 0.8556220773077566 5 0.0007543037349974687 0.0001912095848568703 1.0
27 0 1.0 0.8556220773077566 6 0.000564123502348035 0.00014301014491006664 1.0
27 0 1.0 0.8556220773077566 7 0.0007543037349961818 0.00019120958485673785 1.0
27 0 1.0 0.8556220773077566 8 0.0005641235023466162 0.0001430101449100037 1.0
27 0 1.0 0.8556220773077566 9 0.0007543037349958586 0.0001912095848569031 1.0
28 0 1.0 0.8556220773077566 0 0.0007543037349958586 0.0 1.0
28 0 1.0 0.8556220773077566 1 0.00019018046525650127 4.819944385850055e-05 1.0
28 0 1.0 0.8556220773077566 2 2.0038275853721652e-14 6.444383157131011e-05 2.1136719577524195e-13
29 0 1.0 0.8556220773077566 0 2.0038275853721652e-14 0.0 1.0
29 0 1.0 0.8198030212187788 1 0.027620390206967792 0.010000000000000002 1.0
29 0 1.0 0.8184733591882991 2 0.012244436264901725 0.010000000000000002 1.0
29 0 1.0 0.8198030212187645 3 0.02762039020696555 0.010000000000000002 1.0
29 0 1.0 0.8184733591882991 4 0.012244436264901135 0.01 1.0
29 0 1.0 0.819803021218764 5 0.027620390206963552 0.010000000000000004 1.0
29 0 1.0 0.8184733591882989 6 0.012244436264901298 0.010000000000000005 1.0
29 0 1.0 0.8198030212187641 7 0.02762039020696565 0.01 1.0
29 0 1.0 0.8184733591882989 8 0.012244436264900129 0.010000000000000005 1.0
29 0 1.0 0.8198030212187648 9 0.02762039020697143 0.010000000000000004 1.0
30 0 1.0 0.818473359188299 0 0.02761708920928454 0.0 1.0
30 0 1.0 0.818473359188299 1 0.01538792838676507 0.00021484534652289043 1.0
30 0 1.0 0.818473359188299 2 2.1076884157573088e-14 0.0006154243384787445 2.807098796485089e-14
31 0 1.0 0.818473359188299 0 2.1076884157573088e-14 0.0 1.0
31 0 1.0 0.8542924152772778 1 0.004353903971811372 0.010000000000000002 1.0
31 0 1.0 0.8552721271695864 2 2.389403098141955e-14 0.010000000000000004 1.0
32 0 1.0 0.8552721271695864 0 2.389403098141955e-14 0.0 1.0
32 0 1.0 0.8920708951508554 1 0.013149966557208327 0.01 1.0
32 0 1.0 0.8897481938773021 2 1.83490537102122e-14 0.010000000000000002 4.4191135573496416e-14
33 0 1.0 0.8897481938773021 0 1.83490537102122e-14 0.0 1.0
33 0 1.0 0.9242242605850102 1 0.0040301330762527125 0.010000000000000002 1.0
33 0 1.0 0.9239320987920653 2 2.6623308490481717e-14 0.010000000000000002 4.984300645672903e-14
34 0 1.0 0.9239320987920653 0 2.6623308490481717e-14 0.0 1.0
34 0 1.0 0.9606903263939863 1 0.007822360080352598 0.010000000000000002 1.0
34 0 1.0 0.9571208722072255 2 1.6954820572760005e-14 0.010000000000000002 3.808510313559427e-15
35 0 1.0 0.9571208722072255 0 1.6954820572760005e-14 0.0 1.0
35 0 1.0 0.9927486226994562 1 0.005325140282710704 0.01 1.0
35 0 1.0 0.9903096456223847 2 2.2465044930668457e-14 0.009999999999999995 1.838263302790079e-14
36 0 1.0 0.9903096456223847 0 2.2465044930668457e-14 0.0 1.0
36 0 1.0 1.0272391141792065 1 0.009275038110626304 0.010000000000000005 1.0
36 0 1.0 1.0218409907698782 2 0.006906956101711537 0.009999999999999997 0.012852892686923424
36 0 1.0 1.0214103988460035 3 0.003280114511003535 0.009999999999999995 0.016676584850836874
36 0 1.0 1.0219630993413875 4 0.002625420645324997 0.01 0.03307937430877653
36 0 1.0 1.021410398846003 5 0.0032801145110067666 0.009999999999999995 0.042006493919919584
36 0 1.0 1.0219630993413882 6 0.0026254206453253082 0.01 0.03307937430877928
36 0 1.0 1.0214103988460033 7 0.0032801145110053585 0.010000000000000002 0.042006493919916524
36 0 1.0 1.0219630993413873 8 0.002625420645325127 0.009999999999999998 0.033079374308779594
36 0 1.0 1.021410398846003 9 0.0032801145110040635 0.009999999999999997 0.04200649391991642
Element Data written 1.0219630993413873 1.0
Nodal Data written 1.0219630993413873 1.0
111.940999985
