Time   1.0220
    1   0.0000   0.0000   0.0000  0.0000e+00 -1.1114e-02 -8.3481e-03   -3.0425e-03 -1.1575e-03  6.5721e-02    1.5732e-01 -3.0466e-16 -3.7416e-16
    2   0.5000   0.5000   0.0000 -1.7757e-02 -9.4174e-03 -6.5887e-03    1.2332e-02  1.4838e-02  6.4839e-02    3.9951e-15  6.9497e-16 -9.7687e-17
   16   0.0000   1.0000   0.0000 -1.5728e-02 -8.2441e-03 -6.9888e-03    3.0880e-03  2.2932e-02  6.1273e-02   -5.0480e-16 -2.0361e-16  2.8439e-16
    3   1.0000   0.0000   0.0000 -2.1355e-02 -9.8712e-03 -5.5638e-03    2.2036e-02  3.8776e-03  5.6738e-02   -4.0766e-16  1.3047e-15 -1.9342e-16
   17   0.5000   1.5000   0.0000 -2.9070e-02 -6.7727e-03 -4.6305e-03    7.2149e-03  2.5578e-02  6.0222e-02   -1.7347e-18  3.8272e-16 -4.5851e-16
    4   1.5000   0.5000   0.0000 -3.4877e-02 -7.4728e-03 -4.1542e-03    3.3742e-02  1.2241e-02  4.8335e-02   -3.4348e-15  4.3823e-16 -5.4210e-19
    5   2.0000   0.0000   0.0000 -3.8208e-02 -6.7182e-03 -3.4078e-03    4.3117e-02  3.3356e-03  4.2857e-02    1.8562e-16 -6.1740e-16  2.9230e-16
   31   0.0000   2.0000   0.0000 -2.7423e-02 -5.8359e-03 -4.5559e-03   -1.0046e-02  3.5692e-02  5.3498e-02    1.6740e-15  8.1467e-16  5.0643e-16
   18   1.0000   1.0000   0.0000 -3.1694e-02 -7.4669e-03 -4.4712e-03    1.9643e-02  2.2936e-02  5.2135e-02    2.8449e-16  2.1376e-15  2.1315e-16
   32   0.5000   2.5000   0.0000 -3.5845e-02 -4.5848e-03 -1.7926e-03    4.2272e-03  5.1982e-02  3.2716e-02   -4.0749e-15 -1.3769e-16  6.0314e-16
    6   2.5000   0.5000   0.0000 -4.6306e-02 -3.7401e-03 -2.3168e-03    5.1672e-02  1.0707e-02  3.8675e-02    4.1460e-16 -1.2063e-15  3.9497e-16
   19   1.5000   1.5000   0.0000 -4.1677e-02 -5.5622e-03 -2.5433e-03    2.9328e-02  1.8855e-02  3.8941e-02   -4.6681e-15  5.0415e-16 -9.5811e-16
    7   3.0000   0.0000   0.0000 -4.7237e-02 -2.1667e-03 -1.7595e-03    5.0407e-02  3.1466e-03  3.1358e-02    3.5267e-15  1.0341e-15  1.5118e-15
   46   0.0000   3.0000   0.0000 -3.0476e-02 -3.4946e-03  4.4363e-03    1.8094e-02  5.0581e-02  4.4145e-02    1.1467e-15  5.0762e-16  1.5255e-16
   33   1.0000   2.0000   0.0000 -3.8701e-02 -5.4755e-03 -2.6004e-03   -2.3718e-03  2.4310e-02  4.6407e-02    3.5388e-15  8.3050e-17 -3.9107e-16
   20   2.0000   1.0000   0.0000 -4.4377e-02 -4.9087e-03 -2.4961e-03    4.4177e-02  2.1650e-02  4.1170e-02    5.7593e-16 -5.4779e-16  7.8735e-16
    8   3.5000   0.5000   0.0000 -4.9269e-02  7.5657e-04 -9.2211e-04    5.0981e-02  1.1218e-02  2.6162e-02   -8.8627e-15  5.9783e-16  3.9844e-16
   47   0.5000   3.5000   0.0000 -2.7287e-02 -2.2418e-03  7.4776e-03    8.2802e-03  3.5615e-02  3.9970e-02   -3.2353e-15 -1.8627e-16  4.0885e-16
   21   2.5000   1.5000   0.0000 -4.9555e-02 -2.1059e-03 -8.4056e-04    4.9346e-02  1.9586e-02  3.9574e-02   -4.0540e-15 -1.9324e-03 -1.4736e-03
   35   2.0000   2.0000   0.0000 -4.7875e-02 -3.0833e-03 -1.2224e-03    4.1744e-02  1.3417e-02  4.5416e-02    2.8857e-15  5.3126e-18 -1.4288e-15
    9   4.0000   0.0000   0.0000 -4.6892e-02  2.4535e-03 -6.5132e-04    4.6990e-02  2.0249e-03  1.9396e-02    9.5670e-16 -1.6652e-15  6.5876e-16
   61   0.0000   4.0000   0.0000 -1.7646e-02 -1.5222e-03  7.9991e-03    5.5735e-04  2.4321e-02  3.8256e-02    4.3889e-16  1.8843e-16 -5.0491e-16
   48   1.0000   3.0000   0.0000 -3.6941e-02 -2.6733e-03  7.0260e-03    3.2532e-02  4.1631e-02  4.2352e-02    3.9187e-15 -4.0939e-16  1.1261e-15
   22   3.0000   1.0000   0.0000 -5.0142e-02 -7.5852e-04 -8.6406e-04    5.0039e-02  1.9964e-02  3.5215e-02   -1.1052e-03  5.9781e-04 -3.6841e-04
   76   0.0000   5.0000   0.0000  0.0000e+00  0.0000e+00  9.3549e-03   -3.2226e-03  2.1806e-03  3.5032e-02   -4.4367e-02  7.4449e-03  1.9364e-16
   10   4.5000   0.5000   0.0000 -4.3592e-02  4.8660e-03 -1.0633e-04    4.5519e-02  1.0417e-02  1.2255e-02    4.9943e-15 -3.4933e-16  2.3885e-16
   49   1.5000   3.5000   0.0000 -3.0604e-02 -8.8018e-04  8.8241e-03    1.7861e-02  2.4417e-02  1.2103e-02   -3.8181e-15 -7.5894e-18  1.2172e-15
   23   3.5000   1.5000   0.0000 -4.9542e-02  1.8536e-03  8.2128e-04    3.9597e-02  2.9476e-02  2.4328e-02    1.2126e-15 -4.3607e-16  4.1091e-17
   62   0.5000   4.5000   0.0000 -9.8914e-03 -6.9984e-04  9.6890e-03    3.5167e-03  1.5267e-02  3.3442e-02    1.9897e-15  3.4629e-16 -2.5034e-16
   11   5.0000   0.0000   0.0000 -3.7771e-02  6.5975e-03 -7.9587e-05    4.0517e-02  2.1379e-03  7.9357e-03   -1.0859e-15  5.0670e-16 -4.8312e-16
   50   2.0000   3.0000   0.0000 -3.9907e-02 -5.1968e-04  8.5409e-03    7.5846e-03  1.0240e-02  8.7324e-03    2.7704e-15 -2.4096e-16  1.4806e-15
   37   3.0000   2.0000   0.0000 -4.9802e-02  1.2270e-03  1.5306e-03    4.5370e-02  3.8380e-02  3.7829e-02    1.1052e-03  1.3346e-03 -3.6841e-04
   24   4.0000   1.0000   0.0000 -4.7559e-02  3.2540e-03  2.8845e-04    4.3426e-02  1.9120e-02  1.7357e-02   -1.2334e-15 -1.6441e-15 -4.5645e-16
   63   1.0000   4.0000   0.0000 -2.0392e-02 -1.0221e-03  9.4975e-03    1.2143e-02  2.5703e-02  2.7616e-02   -1.0755e-15  7.3184e-18 -1.3481e-15
   64   1.5000   4.5000   0.0000 -1.0894e-02 -2.9867e-04  1.0708e-02    5.3704e-03  1.3769e-02  1.3836e-02    2.0834e-15  2.3636e-17 -5.3484e-16
   38   3.5000   2.5000   0.0000 -4.3932e-02  2.6164e-03  5.4741e-03    1.4190e-02  5.7327e-02 -1.4931e-02   -3.3949e-15  9.8229e-17 -3.0238e-16
   12   5.5000   0.5000   0.0000 -3.0206e-02  8.3874e-03  1.7884e-04    3.5498e-02  7.3972e-03  1.4985e-03    1.0252e-15  8.4351e-17  4.8171e-16
   51   2.5000   3.5000   0.0000 -3.1306e-02  1.6399e-04  9.1309e-03    1.6394e-02  2.2592e-02  2.1811e-03   -2.7530e-15 -2.4872e-16  7.8876e-16
   25   4.5000   1.5000   0.0000 -4.2387e-02  5.2268e-03  1.4630e-03    3.6887e-02  2.6808e-02  3.7169e-03    6.5399e-16  2.2660e-16 -3.3014e-16
   77   1.0000   5.0000   0.0000  0.0000e+00  0.0000e+00  1.0668e-02   -1.3771e-03  1.8272e-03  2.3112e-02    6.8990e-02  1.2234e-03  2.7647e-16
   13   6.0000   0.0000   0.0000 -2.1232e-02  9.7904e-03  6.9282e-05    2.7191e-02  1.8672e-03  4.2501e-04    6.5919e-17 -9.3512e-17  4.7705e-17
   52   3.0000   3.0000   0.0000 -3.9169e-02  1.3989e-03  7.8690e-03    1.7873e-02  3.0867e-02 -1.9553e-02    3.6464e-15  6.6245e-16  3.2981e-16
   65   2.0000   4.0000   0.0000 -2.1624e-02 -2.0248e-04  1.0173e-02    1.0348e-02  2.5056e-02  5.7313e-03   -1.4710e-15 -1.9087e-16 -9.6386e-16
   39   4.0000   2.0000   0.0000 -4.4801e-02  3.9353e-03  2.8697e-03    3.7721e-02  4.3842e-02  4.5582e-03    1.1449e-15 -8.9821e-16 -6.0932e-17
   26   5.0000   1.0000   0.0000 -3.7416e-02  6.8519e-03  6.7034e-04    3.8332e-02  1.6039e-02  1.5013e-03   -1.8284e-15  3.3345e-16  5.9826e-16
   15   7.0000   0.0000   0.0000  0.0000e+00  1.1140e-02  0.0000e+00    2.2401e-03 -3.2195e-03 -1.6957e-03    2.9195e-02  7.2425e-17  6.8855e-03
   66   2.5000   4.5000   0.0000 -1.1091e-02  9.4128e-05  1.0909e-02    5.2667e-03  1.3026e-02 -4.1224e-03    1.9412e-15 -3.6841e-16 -9.9855e-17
   40   4.5000   2.5000   0.0000 -3.6582e-02  4.8353e-03  4.5344e-03    2.7936e-02  3.7915e-02 -2.8633e-02    6.1114e-15 -3.7080e-17  5.7886e-16
   14   6.5000   0.5000   0.0000 -1.0885e-02  1.0679e-02  1.0233e-04    1.5500e-02  3.0476e-03 -4.3231e-03    1.6705e-15 -1.0647e-16  5.3202e-16
   27   5.5000   1.5000   0.0000 -2.8884e-02  8.1751e-03  1.2463e-03    3.0199e-02  1.7750e-02 -1.2967e-02    2.6004e-15 -2.6671e-17  3.4987e-16
   53   3.5000   3.5000   0.0000 -2.9480e-02  1.5665e-03  8.5610e-03    1.6577e-02  2.5799e-02 -2.0679e-02   -1.2143e-15  7.4355e-16 -3.5096e-16
   78   2.0000   5.0000   0.0000  0.0000e+00  0.0000e+00  1.1271e-02   -1.0754e-03  1.8599e-03  4.4453e-03    6.9379e-02 -1.0655e-03  3.6841e-16
   67   3.0000   4.0000   0.0000 -2.1257e-02  5.9929e-04  1.0026e-02    1.1844e-02  2.1473e-02 -1.4450e-02    9.8532e-16  2.7360e-16 -5.2931e-16
   41   5.0000   2.0000   0.0000 -3.4372e-02  6.5911e-03  2.6049e-03    3.1506e-02  2.9991e-02 -1.7247e-02   -3.7123e-15  3.9590e-16 -3.7318e-16
   54   4.0000   3.0000   0.0000 -3.4891e-02  3.1164e-03  6.7928e-03    2.3703e-02  3.2822e-02 -3.0815e-02   -4.1148e-15 -1.8107e-15 -2.9685e-16
   28   6.0000   1.0000   0.0000 -2.0799e-02  9.6730e-03  4.8845e-04    2.6080e-02  9.3864e-03 -8.7555e-03   -3.4937e-15 -4.1942e-16  5.7029e-17
   68   3.5000   4.5000   0.0000 -1.0458e-02  5.6199e-04  1.0287e-02    6.6150e-03  1.2225e-02 -2.5877e-02   -2.3766e-16  8.0231e-18  3.2559e-16
   42   5.5000   2.5000   0.0000 -2.4629e-02  7.0508e-03  3.0589e-03    2.3781e-02  2.2542e-02 -4.0303e-02    1.3583e-15  1.7456e-16 -4.0300e-16
   55   4.5000   3.5000   0.0000 -2.4714e-02  3.1940e-03  7.1287e-03    1.9244e-02  2.3601e-02 -4.4049e-02    2.3644e-15 -6.7546e-16 -6.3892e-16
   29   6.5000   1.5000   0.0000 -1.0338e-02  1.0155e-02  4.7972e-04    1.3632e-02  6.5299e-03 -2.1826e-02    3.1208e-15 -6.0954e-16 -7.3400e-17
   79   3.0000   5.0000   0.0000  0.0000e+00  0.0000e+00  1.1068e-02   -4.6526e-04  1.5039e-03 -1.4553e-02    7.3886e-02  1.0294e-03  1.0994e-16
   30   7.0000   1.0000   0.0000  0.0000e+00  1.0890e-02  0.0000e+00    1.7102e-03 -1.5502e-03 -1.2434e-02    6.9041e-02  5.2324e-16  2.9033e-03
   69   4.0000   4.0000   0.0000 -1.9043e-02  1.6335e-03  8.9778e-03    1.3283e-02  1.9503e-02 -3.6027e-02    6.5919e-16 -3.9861e-16  1.1601e-16
   43   6.0000   2.0000   0.0000 -1.8908e-02  8.8704e-03  1.5080e-03    2.2016e-02  1.5267e-02 -3.1365e-02   -3.3029e-15 -3.9167e-16  1.4030e-16
   56   5.0000   3.0000   0.0000 -2.6680e-02  5.1710e-03  5.1125e-03    2.2815e-02  2.6028e-02 -4.6598e-02   -5.1348e-16  1.3483e-15  8.0643e-16
   70   4.5000   4.5000   0.0000 -8.7862e-03  1.1230e-03  8.6353e-03    7.3272e-03  1.0691e-02 -5.1332e-02   -2.7235e-16 -1.6263e-17  2.8395e-16
   44   6.5000   2.5000   0.0000 -8.7814e-03  8.6242e-03  1.0908e-03    1.1218e-02  7.9980e-03 -4.9682e-02    2.8432e-15 -3.9443e-16 -5.6053e-17
   57   5.5000   3.5000   0.0000 -1.6704e-02  4.7526e-03  4.7679e-03    1.6298e-02  1.6765e-02 -6.3653e-02   -2.2118e-15  7.0191e-16 -5.6053e-17
   45   7.0000   2.0000   0.0000  0.0000e+00  9.8973e-03  0.0000e+00    9.5261e-04  3.9790e-04 -3.6317e-02    8.5860e-02  5.1630e-16 -5.0044e-04
   80   4.0000   5.0000   0.0000  0.0000e+00  0.0000e+00  9.9373e-03    3.7013e-04  9.6932e-04 -3.8893e-02    8.0177e-02 -6.1310e-04  2.2616e-16
   71   5.0000   4.0000   0.0000 -1.4641e-02  2.7906e-03  6.8904e-03    1.2986e-02  1.5831e-02 -6.0850e-02    1.0686e-15  4.5141e-16 -2.6216e-16
   58   6.0000   3.0000   0.0000 -1.4653e-02  6.8856e-03  2.7807e-03    1.6717e-02  1.4374e-02 -6.0268e-02   -1.4294e-15 -3.2922e-16  5.1500e-16
   72   5.5000   4.5000   0.0000 -5.9642e-03  1.6825e-03  5.8521e-03    6.3535e-03  7.8581e-03 -7.6445e-02    4.3889e-16  2.2313e-16 -5.4210e-19
   59   6.5000   3.5000   0.0000 -5.9738e-03  5.8578e-03  1.6900e-03    8.0660e-03  6.4535e-03 -7.6705e-02    2.6194e-16 -1.0994e-16 -6.9931e-17
   60   7.0000   3.0000   0.0000  0.0000e+00  7.6865e-03  0.0000e+00    6.1519e-04  1.0889e-03 -6.6129e-02    7.9553e-02  2.1446e-16 -5.0934e-03
   81   5.0000   5.0000   0.0000  0.0000e+00  0.0000e+00  7.6680e-03    9.5252e-04  6.1209e-04 -6.6279e-02    7.5374e-02 -3.9774e-03  3.8814e-17
   73   6.0000   4.0000   0.0000 -8.0827e-03  3.7797e-03  3.7871e-03    9.7153e-03  9.5290e-03 -8.1316e-02   -2.7756e-16 -1.5228e-16 -2.8992e-16
   74   6.5000   4.5000   0.0000 -2.1436e-03  2.0987e-03  2.1002e-03    3.4209e-03  3.3479e-03 -9.4656e-02    3.2786e-16 -1.9732e-17  2.7213e-17
   75   7.0000   4.0000   0.0000  0.0000e+00  4.2633e-03  0.0000e+00    3.0068e-04  1.0398e-03 -9.0489e-02    5.3834e-02 -4.9223e-17 -8.3711e-03
   82   6.0000   5.0000   0.0000  0.0000e+00  0.0000e+00  4.2581e-03    1.1091e-03  2.3255e-04 -9.0215e-02    5.3855e-02 -8.0135e-03  1.8106e-16
   83   7.0000   5.0000   0.0000  0.0000e+00  0.0000e+00  0.0000e+00   -1.8902e-03 -1.9569e-03 -1.0206e-01   -1.7797e-01 -7.9567e-03 -7.9179e-03
