  0.0403    0.006293  0.0403    0.001350  0.0403    0.002624  0.0403    0.003163  0.0403    0.002961  0.0403    0.002068  0.0403   -0.006668  0.0403    0.002109  0.0403    0.002937  0.0403    0.003168  0.0403    0.002956  0.0403    0.002755  0.0403    0.002796  0.0403   -0.001942
  0.0805    0.012586  0.0805    0.002701  0.0805    0.005249  0.0805    0.006326  0.0805    0.005921  0.0805    0.004136  0.0805   -0.013336  0.0805    0.004219  0.0805    0.005874  0.0805    0.006336  0.0805    0.005913  0.0805    0.005510  0.0805    0.005591  0.0805   -0.003884
  0.1208    0.018879  0.1208    0.004051  0.1208    0.007873  0.1208    0.009490  0.1208    0.008882  0.1208    0.006204  0.1208   -0.020004  0.1208    0.006328  0.1208    0.008812  0.1208    0.009505  0.1208    0.008869  0.1208    0.008266  0.1208    0.008387  0.1208   -0.005825
  0.1610    0.025172  0.1610    0.005402  0.1610    0.010497  0.1610    0.012653  0.1610    0.011842  0.1610    0.008271  0.1610   -0.026672  0.1610    0.008438  0.1610    0.011749  0.1610    0.012673  0.1610    0.011826  0.1610    0.011021  0.1610    0.011182  0.1610   -0.007767
  0.2013    0.031465  0.2013    0.006752  0.2013    0.013122  0.2013    0.015816  0.2013    0.014803  0.2013    0.010339  0.2013   -0.033340  0.2013    0.010547  0.2013    0.014686  0.2013    0.015841  0.2013    0.014782  0.2013    0.013776  0.2013    0.013978  0.2013   -0.009709
  0.2416    0.037758  0.2416    0.008102  0.2416    0.015746  0.2416    0.018979  0.2416    0.017763  0.2416    0.012407  0.2416   -0.040008  0.2416    0.012656  0.2416    0.017623  0.2416    0.019009  0.2416    0.017739  0.2416    0.016531  0.2416    0.016773  0.2416   -0.011651
  0.2818    0.044051  0.2818    0.009453  0.2818    0.018370  0.2818    0.022142  0.2818    0.020724  0.2818    0.014475  0.2818   -0.046676  0.2818    0.014766  0.2818    0.020561  0.2818    0.022178  0.2818    0.020695  0.2818    0.019287  0.2818    0.019569  0.2818   -0.013593
  0.3221    0.050344  0.3221    0.010803  0.3221    0.020994  0.3221    0.025305  0.3221    0.023685  0.3221    0.016543  0.3221   -0.053344  0.3221    0.016875  0.3221    0.023498  0.3221    0.025346  0.3221    0.023652  0.3221    0.022042  0.3221    0.022364  0.3221   -0.015534
  0.3623    0.056637  0.3623    0.012154  0.3623    0.023619  0.3623    0.028469  0.3623    0.026645  0.3623    0.018611  0.3623   -0.060012  0.3623    0.018984  0.3623    0.026435  0.3623    0.028514  0.3623    0.026608  0.3623    0.024797  0.3623    0.025160  0.3623   -0.017476
  0.4026    0.062930  0.4026    0.013504  0.4026    0.026243  0.4026    0.031632  0.4026    0.029606  0.4026    0.020679  0.4026   -0.066680  0.4026    0.021094  0.4026    0.029372  0.4026    0.031682  0.4026    0.029565  0.4026    0.027552  0.4026    0.027955  0.4026   -0.019418
  0.4429    0.069223  0.4429    0.014854  0.4429    0.028867  0.4429    0.034795  0.4429    0.032566  0.4429    0.022746  0.4429   -0.073348  0.4429    0.023203  0.4429    0.032310  0.4429    0.034850  0.4429    0.032521  0.4429    0.030308  0.4429    0.030751  0.4429   -0.021360
  0.4831    0.075516  0.4831    0.016205  0.4831    0.031492  0.4831    0.037958  0.4831    0.035527  0.4831    0.024814  0.4831   -0.080016  0.4831    0.025313  0.4831    0.035247  0.4831    0.038019  0.4831    0.035478  0.4831    0.033063  0.4831    0.033546  0.4831   -0.023302
  0.5234    0.081809  0.5234    0.017555  0.5234    0.034116  0.5234    0.041121  0.5234    0.038487  0.5234    0.026882  0.5234   -0.086684  0.5234    0.027422  0.5234    0.038184  0.5234    0.041187  0.5234    0.038434  0.5234    0.035818  0.5234    0.036342  0.5234   -0.025243
  0.5636    0.088102  0.5636    0.018906  0.5636    0.036740  0.5636    0.044285  0.5636    0.041448  0.5636    0.028950  0.5636   -0.093352  0.5636    0.029531  0.5636    0.041121  0.5636    0.044355  0.5636    0.041391  0.5636    0.038573  0.5636    0.039138  0.5636   -0.027185
  0.6039    0.094395  0.6039    0.020256  0.6039    0.039365  0.6039    0.047448  0.6039    0.044408  0.6039    0.031018  0.6039   -0.100020  0.6039    0.031641  0.6039    0.044058  0.6039    0.047523  0.6039    0.044347  0.6039    0.041329  0.6039    0.041933  0.6039   -0.029127
  0.6442    0.100688  0.6442    0.021606  0.6442    0.041989  0.6442    0.050611  0.6442    0.047369  0.6442    0.033086  0.6442   -0.106688  0.6442    0.033750  0.6442    0.046996  0.6442    0.050692  0.6442    0.047304  0.6442    0.044084  0.6442    0.044729  0.6442   -0.031069
  0.6822    0.106544  0.6822    0.022767  0.6822    0.044540  0.6822    0.053742  0.6822    0.050306  0.6822    0.035103  0.6822   -0.113281  0.6822    0.035755  0.6822    0.049797  0.6822    0.053720  0.6822    0.050079  0.6822    0.046537  0.6822    0.047348  0.6822   -0.032692
  0.7187    0.112129  0.7187    0.023733  0.7187    0.047036  0.7187    0.056860  0.7187    0.053256  0.7187    0.037106  0.7187   -0.119829  0.7187    0.037684  0.7187    0.052495  0.7187    0.056617  0.7187    0.052667  0.7187    0.048990  0.7187    0.049793  0.7187   -0.034189
  0.7540    0.117485  0.7540    0.024578  0.7540    0.049491  0.7540    0.059959  0.7540    0.056189  0.7540    0.039077  0.7540   -0.126319  0.7540    0.039551  0.7540    0.055113  0.7540    0.059443  0.7540    0.055197  0.7540    0.051318  0.7540    0.051980  0.7540   -0.035445
  0.7892    0.122841  0.7892    0.025423  0.7892    0.051945  0.7892    0.063058  0.7892    0.059122  0.7892    0.041048  0.7892   -0.132810  0.7892    0.041418  0.7892    0.057731  0.7892    0.062269  0.7892    0.057726  0.7892    0.053646  0.7892    0.054167  0.7892   -0.036701
  0.8241    0.128127  0.8241    0.026196  0.8241    0.054400  0.8241    0.066193  0.8241    0.062058  0.8241    0.042994  0.8241   -0.139290  0.8241    0.043269  0.8241    0.060325  0.8241    0.065070  0.8241    0.060198  0.8241    0.055937  0.8241    0.056354  0.8241   -0.037930
  0.8590    0.133412  0.8590    0.026968  0.8590    0.056854  0.8590    0.069327  0.8590    0.064995  0.8590    0.044940  0.8590   -0.145771  0.8590    0.045120  0.8590    0.062919  0.8590    0.067871  0.8590    0.062670  0.8590    0.058228  0.8590    0.058541  0.8590   -0.039159
  0.8928    0.138604  0.8928    0.027676  0.8928    0.059323  0.8928    0.072520  0.8928    0.067912  0.8928    0.046838  0.8928   -0.152231  0.8928    0.046960  0.8928    0.065516  0.8928    0.070547  0.8928    0.065070  0.8928    0.060577  0.8928    0.060728  0.8928   -0.040367
  0.8928    0.138481  0.8928    0.027571  0.8928    0.059310  0.8928    0.072569  0.8928    0.067907  0.8928    0.046787  0.8928   -0.152191  0.8928    0.046932  0.8928    0.065483  0.8928    0.070455  0.8928    0.064987  0.8928    0.060556  0.8928    0.060712  0.8928   -0.040329
  0.8556    0.133043  0.8556    0.026811  0.8556    0.056778  0.8556    0.069244  0.8556    0.064948  0.8556    0.044912  0.8556   -0.145655  0.8556    0.045019  0.8556    0.062779  0.8556    0.067737  0.8556    0.062493  0.8556    0.057993  0.8556    0.058499  0.8556   -0.039012
  0.8556    0.132735  0.8556    0.026395  0.8556    0.056843  0.8556    0.069609  0.8556    0.065053  0.8556    0.044773  0.8556   -0.145780  0.8556    0.044989  0.8556    0.062804  0.8556    0.067375  0.8556    0.062185  0.8556    0.058127  0.8556    0.058518  0.8556   -0.038915
  0.8556    0.132710  0.8556    0.026287  0.8556    0.056885  0.8556    0.069742  0.8556    0.065112  0.8556    0.044754  0.8556   -0.145877  0.8556    0.044998  0.8556    0.062825  0.8556    0.067322  0.8556    0.062143  0.8556    0.058164  0.8556    0.058544  0.8556   -0.038899
  0.8556    0.132718  0.8556    0.026324  0.8556    0.056871  0.8556    0.069697  0.8556    0.065092  0.8556    0.044760  0.8556   -0.145844  0.8556    0.044995  0.8556    0.062818  0.8556    0.067340  0.8556    0.062157  0.8556    0.058152  0.8556    0.058535  0.8556   -0.038904
  0.8185    0.127281  0.8185    0.025564  0.8185    0.054338  0.8185    0.066372  0.8185    0.062133  0.8185    0.042885  0.8185   -0.139309  0.8185    0.043082  0.8185    0.060114  0.8185    0.064622  0.8185    0.059664  0.8185    0.055589  0.8185    0.056322  0.8185   -0.037587
  0.8185    0.126947  0.8185    0.025040  0.8185    0.054445  0.8185    0.066870  0.8185    0.062297  0.8185    0.042727  0.8185   -0.139530  0.8185    0.043061  0.8185    0.060161  0.8185    0.064207  0.8185    0.059313  0.8185    0.055760  0.8185    0.056367  0.8185   -0.037474
  0.8553    0.132566  0.8553    0.026002  0.8553    0.056987  0.8553    0.070081  0.8553    0.065223  0.8553    0.044669  0.8553   -0.146073  0.8553    0.045012  0.8553    0.062905  0.8553    0.067058  0.8553    0.061949  0.8553    0.058351  0.8553    0.058604  0.8553   -0.038854
  0.8897    0.137758  0.8897    0.026710  0.8897    0.059455  0.8897    0.073273  0.8897    0.068140  0.8897    0.046566  0.8897   -0.152533  0.8897    0.046852  0.8897    0.065501  0.8897    0.069734  0.8897    0.064349  0.8897    0.060699  0.8897    0.060791  0.8897   -0.040062
  0.9239    0.142907  0.9239    0.027358  0.9239    0.061908  0.9239    0.076482  0.9239    0.071081  0.9239    0.048456  0.9239   -0.158997  0.9239    0.048679  0.9239    0.068086  0.9239    0.072415  0.9239    0.066692  0.9239    0.063003  0.9239    0.062975  0.9239   -0.041251
  0.9571    0.147849  0.9571    0.027983  0.9571    0.064326  0.9571    0.079641  0.9571    0.073953  0.9571    0.050290  0.9571   -0.165378  0.9571    0.050450  0.9571    0.070589  0.9571    0.075044  0.9571    0.069071  0.9571    0.065150  0.9571    0.065004  0.9571   -0.042273
  0.9903    0.152791  0.9903    0.028608  0.9903    0.066744  0.9903    0.082800  0.9903    0.076826  0.9903    0.052125  0.9903   -0.171759  0.9903    0.052221  0.9903    0.073092  0.9903    0.077672  0.9903    0.071450  0.9903    0.067297  0.9903    0.067032  0.9903   -0.043295
  1.0220    0.157324  1.0220    0.029195  1.0220    0.069041  1.0220    0.085860  1.0220    0.079553  1.0220    0.053834  1.0220   -0.177969  1.0220    0.053855  1.0220    0.075374  1.0220    0.080177  1.0220    0.073886  1.0220    0.069379  1.0220    0.068990  1.0220   -0.044367
