Time   1.0220
El      1   SB3                                   PROP1      1      3      2
   0.5000   0.1667   2.4760e-03   1.4689e-03   1.0926e-02   1.4361e-02   8.5195e-03   6.3369e-02  -3.3084e-02   3.5399e-03
   0.7000   0.1000   3.6737e-03   2.0927e-03   1.1186e-02   2.1307e-02   1.2138e-02   6.4879e-02  -3.3084e-02   3.5399e-03
   0.5000   0.3000   2.4549e-03   1.4146e-03   1.1162e-02   1.4239e-02   8.2049e-03   6.4742e-02  -3.3084e-02   3.5399e-03
   0.3000   0.1000   1.2904e-03   9.2646e-04   1.1240e-02   7.4845e-03   5.3735e-03   6.5194e-02  -3.3084e-02   3.5399e-03
El      2   SB3                                   PROP1      2      3     18
   0.8333   0.5000   2.9932e-03   2.1914e-03   1.0368e-02   1.7361e-02   1.2710e-02   6.0132e-02   2.3448e-03  -1.2209e-02
   0.9000   0.3000   2.5898e-03   1.1023e-03   9.8492e-03   1.5021e-02   6.3934e-03   5.7125e-02   2.3448e-03  -1.2209e-02
   0.9000   0.7000   3.3428e-03   3.2725e-03   9.8133e-03   1.9388e-02   1.8981e-02   5.6917e-02   2.3448e-03  -1.2209e-02
   0.7000   0.5000   3.0292e-03   2.2054e-03   1.0495e-02   1.7569e-02   1.2791e-02   6.0873e-02   2.3448e-03  -1.2209e-02
El      3   SB3                                   PROP1     18     16      2
   0.5000   0.8333   1.5831e-03   3.4350e-03   1.0665e-02   9.1821e-03   1.9923e-02   6.1858e-02  -1.1125e-02   1.0763e-02
   0.3000   0.9000   6.6103e-04   2.9894e-03   1.0316e-02   3.8340e-03   1.7339e-02   5.9831e-02  -1.1125e-02   1.0763e-02
   0.5000   0.7000   1.6473e-03   3.5999e-03   1.0753e-02   9.5542e-03   2.0880e-02   6.2369e-02  -1.1125e-02   1.0763e-02
   0.7000   0.9000   2.4686e-03   3.6331e-03   1.0151e-02   1.4318e-02   2.1072e-02   5.8874e-02  -1.1125e-02   1.0763e-02
El      4   SB3                                   PROP1     16      1      2
   0.1667   0.5000   1.0467e-03   2.7317e-03   1.1150e-02   6.0708e-03   1.5844e-02   6.4668e-02  -4.8781e-03  -3.2240e-02
   0.1000   0.3000   3.9271e-04   1.4435e-03   1.1471e-02   2.2777e-03   8.3720e-03   6.6534e-02  -4.8781e-03  -3.2240e-02
   0.3000   0.5000   1.1215e-03   2.7607e-03   1.1341e-02   6.5044e-03   1.6012e-02   6.5775e-02  -4.8781e-03  -3.2240e-02
   0.1000   0.7000   1.5885e-03   4.0033e-03   1.1546e-02   9.2135e-03   2.3219e-02   6.6968e-02  -4.8781e-03  -3.2240e-02
El      5   SB3                                   PROP1      3      5      4
   1.5000   0.1667   6.2713e-03   1.3265e-03   8.3135e-03   3.6373e-02   7.6938e-03   4.8218e-02  -1.9439e-02   1.3102e-02
   1.7000   0.1000   7.1727e-03   1.8645e-03   8.5013e-03   4.1602e-02   1.0814e-02   4.9308e-02  -1.9439e-02   1.3102e-02
   1.5000   0.3000   6.1932e-03   1.1257e-03   8.3929e-03   3.5920e-02   6.5292e-03   4.8679e-02  -1.9439e-02   1.3102e-02
   1.3000   0.1000   5.4145e-03   1.0897e-03   8.7021e-03   3.1404e-02   6.3205e-03   5.0472e-02  -1.9439e-02   1.3102e-02
El      6   SB3                                   PROP1      4      5     20
   1.8333   0.5000   6.6374e-03   1.8214e-03   7.7640e-03   3.8497e-02   1.0564e-02   4.5031e-02  -7.3162e-04  -1.3941e-02
   1.9000   0.3000   6.2952e-03   9.0078e-04   7.3575e-03   3.6512e-02   5.2245e-03   4.2673e-02  -7.3162e-04  -1.3941e-02
   1.9000   0.7000   6.9965e-03   2.7446e-03   7.3687e-03   4.0580e-02   1.5919e-02   4.2738e-02  -7.3162e-04  -1.3941e-02
   1.7000   0.5000   6.6262e-03   1.8171e-03   7.8042e-03   3.8432e-02   1.0539e-02   4.5265e-02  -7.3162e-04  -1.3941e-02
El      7   SB3                                   PROP1     20     18      4
   1.5000   0.8333   5.1704e-03   2.6820e-03   8.2587e-03   2.9988e-02   1.5556e-02   4.7900e-02  -2.2707e-02   2.0324e-02
   1.3000   0.9000   4.1134e-03   1.9971e-03   8.0808e-03   2.3858e-02   1.1583e-02   4.6869e-02  -2.2707e-02   2.0324e-02
   1.5000   0.7000   5.2916e-03   2.9935e-03   8.1645e-03   3.0691e-02   1.7362e-02   4.7354e-02  -2.2707e-02   2.0324e-02
   1.7000   0.9000   6.1582e-03   2.8998e-03   7.7693e-03   3.5718e-02   1.6819e-02   4.5062e-02  -2.2707e-02   2.0324e-02
El      8   SB3                                   PROP1     18      3      4
   1.1667   0.5000   4.7850e-03   2.2063e-03   9.0283e-03   2.7753e-02   1.2797e-02   5.2364e-02  -7.9544e-03  -1.6420e-02
   1.1000   0.3000   4.2881e-03   1.1367e-03   9.4198e-03   2.4871e-02   6.5930e-03   5.4635e-02  -7.9544e-03  -1.6420e-02
   1.3000   0.5000   4.9070e-03   2.2537e-03   8.9909e-03   2.8460e-02   1.3072e-02   5.2147e-02  -7.9544e-03  -1.6420e-02
   1.1000   0.7000   5.0992e-03   3.2489e-03   9.5417e-03   2.9575e-02   1.8843e-02   5.5342e-02  -7.9544e-03  -1.6420e-02
El      9   SB3                                   PROP1      5      7      6
   2.5000   0.1667   9.0905e-03   1.0674e-03   6.5201e-03   5.2725e-02   6.1912e-03   3.7816e-02  -9.5259e-03   8.8908e-03
   2.7000   0.1000   9.5613e-03   1.3500e-03   6.5915e-03   5.2317e-02   7.8301e-03   3.6539e-02  -9.5259e-03   8.8908e-03
   2.5000   0.3000   9.0627e-03   9.9601e-04   6.6176e-03   5.2564e-02   5.7769e-03   3.8382e-02  -9.5259e-03   8.8908e-03
   2.3000   0.1000   8.6357e-03   8.9203e-04   6.6629e-03   5.0087e-02   5.1738e-03   3.8645e-02  -9.5259e-03   8.8908e-03
El     10   SB3                                   PROP1      6      7     22
   2.8333   0.5000   9.1099e-03   1.7746e-03   6.1117e-03   5.2837e-02   1.0293e-02   3.5448e-02   6.5146e-03  -1.3140e-02
   2.9000   0.3000   8.7935e-03   8.2063e-04   5.6806e-03   5.1002e-02   4.7596e-03   3.2947e-02   6.5146e-03  -1.3140e-02
   2.9000   0.7000   9.5669e-03   2.7495e-03   5.7744e-03   5.1932e-02   1.5947e-02   3.1993e-02   6.5146e-03  -1.3140e-02
   2.7000   0.5000   9.0161e-03   1.7382e-03   6.1097e-03   5.2293e-02   1.0081e-02   3.5436e-02   6.5146e-03  -1.3140e-02
El     11   SB3                                   PROP1     22     20      6
   2.5000   0.8333   8.3199e-03   2.5469e-03   6.6193e-03   4.8255e-02   1.4772e-02   3.8392e-02  -7.8294e-03   7.3059e-03
   2.3000   0.9000   7.9859e-03   2.3150e-03   6.5810e-03   4.6318e-02   1.3427e-02   3.8170e-02  -7.8294e-03   7.3059e-03
   2.5000   0.7000   8.3634e-03   2.6588e-03   6.5765e-03   4.8508e-02   1.5421e-02   3.8144e-02  -7.8294e-03   7.3059e-03
   2.7000   0.9000   8.6289e-03   2.6108e-03   6.4690e-03   5.0048e-02   1.5142e-02   3.7520e-02  -7.8294e-03   7.3059e-03
El     12   SB3                                   PROP1     20      5      6
   2.1667   0.5000   8.2935e-03   1.8467e-03   6.8605e-03   4.8102e-02   1.0711e-02   3.9791e-02  -8.7651e-03  -1.7833e-02
   2.1000   0.3000   7.8152e-03   9.3672e-04   7.1167e-03   4.5328e-02   5.4329e-03   4.1277e-02  -8.7651e-03  -1.7833e-02
   2.3000   0.5000   8.4278e-03   1.8989e-03   6.9038e-03   4.8881e-02   1.1014e-02   4.0042e-02  -8.7651e-03  -1.7833e-02
   2.1000   0.7000   8.5702e-03   2.7268e-03   7.2511e-03   4.9707e-02   1.5816e-02   4.2056e-02  -8.7651e-03  -1.7833e-02
El     13   SB3                                   PROP1      7      9      8
   3.5000   0.1667   9.2031e-03   1.1332e-03   4.5154e-03   5.3378e-02   6.5727e-03   2.6190e-02  -3.9360e-03   1.1971e-02
   3.7000   0.1000   9.0308e-03   1.2115e-03   4.3372e-03   5.2378e-02   7.0268e-03   2.5156e-02  -3.9360e-03   1.1971e-02
   3.5000   0.3000   9.1196e-03   9.1852e-04   4.5059e-03   5.2894e-02   5.3274e-03   2.6134e-02  -3.9360e-03   1.1971e-02
   3.3000   0.1000   9.4231e-03   1.3770e-03   4.5519e-03   5.2331e-02   7.9866e-03   2.5586e-02  -3.9360e-03   1.1971e-02
El     14   SB3                                   PROP1      8      9     24
   3.8333   0.5000   8.3887e-03   1.8895e-03   3.8015e-03   4.8654e-02   1.0959e-02   2.2049e-02   3.7405e-03  -1.6095e-02
   3.9000   0.3000   7.9428e-03   8.2665e-04   3.3725e-03   4.6068e-02   4.7945e-03   1.9561e-02   3.7405e-03  -1.6095e-02
   3.9000   0.7000   8.7486e-03   2.9396e-03   3.3152e-03   5.0742e-02   1.7050e-02   1.9228e-02   3.7405e-03  -1.6095e-02
   3.7000   0.5000   8.4460e-03   1.9118e-03   3.8453e-03   4.8987e-02   1.1088e-02   2.2303e-02   3.7405e-03  -1.6095e-02
El     15   SB3                                   PROP1     24     22      8
   3.5000   0.8333   8.0802e-03   2.5372e-03   4.5065e-03   4.6865e-02   1.4716e-02   2.6138e-02   6.4425e-03   2.0726e-02
   3.3000   0.9000   8.3367e-03   2.4275e-03   4.7612e-03   4.8353e-02   1.4080e-02   2.7615e-02   6.4425e-03   2.0726e-02
   3.5000   0.7000   8.2037e-03   2.8549e-03   4.5327e-03   4.7581e-02   1.6558e-02   2.6290e-02   6.4425e-03   2.0726e-02
   3.7000   0.9000   7.7530e-03   2.1705e-03   4.4436e-03   4.4968e-02   1.2589e-02   2.5773e-02   6.4425e-03   2.0726e-02
El     16   SB3                                   PROP1     22      7      8
   3.1667   0.5000   8.8767e-03   1.7988e-03   5.0818e-03   5.1485e-02   1.0433e-02   2.9474e-02  -2.9759e-03  -1.5008e-02
   3.1000   0.3000   8.4688e-03   8.1639e-04   5.4805e-03   4.9119e-02   4.7351e-03   3.1787e-02  -2.9759e-03  -1.5008e-02
   3.3000   0.5000   8.9223e-03   1.8166e-03   5.0435e-03   5.1749e-02   1.0536e-02   2.9252e-02  -2.9759e-03  -1.5008e-02
   3.1000   0.7000   9.2162e-03   2.7712e-03   5.5262e-03   5.3454e-02   1.6073e-02   3.2052e-02  -2.9759e-03  -1.5008e-02
El     17   SB3                                   PROP1      9     11     10
   4.5000   0.1667   8.2579e-03   1.0365e-03   2.2973e-03   4.7896e-02   6.0118e-03   1.3325e-02   7.0664e-03   1.1326e-02
   4.7000   0.1000   8.0560e-03   1.0505e-03   2.1714e-03   4.6725e-02   6.0929e-03   1.2594e-02   7.0664e-03   1.1326e-02
   4.5000   0.3000   8.1904e-03   8.6293e-04   2.2357e-03   4.7504e-02   5.0050e-03   1.2967e-02   7.0664e-03   1.1326e-02
   4.3000   0.1000   8.4983e-03   1.2829e-03   2.3450e-03   4.9290e-02   7.4409e-03   1.3601e-02   7.0664e-03   1.1326e-02
El     18   SB3                                   PROP1     10     11     26
   4.8333   0.5000   7.4347e-03   1.5419e-03   1.5376e-03   4.3121e-02   8.9430e-03   8.9179e-03   1.5797e-02  -1.1067e-02
   4.9000   0.3000   6.9502e-03   6.8504e-04   1.2749e-03   4.0311e-02   3.9732e-03   7.3945e-03   1.5797e-02  -1.1067e-02
   4.9000   0.7000   7.5560e-03   2.3449e-03   1.0328e-03   4.3825e-02   1.3601e-02   5.9903e-03   1.5797e-02  -1.1067e-02
   4.7000   0.5000   7.6768e-03   1.6360e-03   1.6022e-03   4.4525e-02   9.4890e-03   9.2928e-03   1.5797e-02  -1.1067e-02
El     19   SB3                                   PROP1     26     24     10
   4.5000   0.8333   7.2451e-03   2.3429e-03   1.6543e-03   4.2022e-02   1.3589e-02   9.5947e-03   7.1726e-03   1.8549e-02
   4.3000   0.9000   7.3063e-03   2.2147e-03   1.7483e-03   4.2376e-02   1.2845e-02   1.0140e-02   7.1726e-03   1.8549e-02
   4.5000   0.7000   7.3557e-03   2.6272e-03   1.7607e-03   4.2663e-02   1.5238e-02   1.0212e-02   7.1726e-03   1.8549e-02
   4.7000   0.9000   7.1208e-03   2.0447e-03   1.4640e-03   4.1301e-02   1.1859e-02   8.4913e-03   7.1726e-03   1.8549e-02
El     20   SB3                                   PROP1     24      9     10
   4.1667   0.5000   8.0491e-03   1.8567e-03   2.6841e-03   4.6685e-02   1.0769e-02   1.5568e-02   8.5740e-03  -1.8221e-02
   4.1000   0.3000   7.7301e-03   8.2951e-04   3.1651e-03   4.4835e-02   4.8112e-03   1.8357e-02   8.5740e-03  -1.8221e-02
   4.3000   0.5000   7.9177e-03   1.8056e-03   2.6859e-03   4.5923e-02   1.0473e-02   1.5578e-02   8.5740e-03  -1.8221e-02
   4.1000   0.7000   8.5652e-03   2.9131e-03   3.0337e-03   4.9678e-02   1.6896e-02   1.7595e-02   8.5740e-03  -1.8221e-02
El     21   SB3                                   PROP1     11     13     12
   5.5000   0.1667   6.3680e-03   7.3595e-04   6.2554e-04   3.6935e-02   4.2685e-03   3.6281e-03   1.4993e-02   6.7114e-03
   5.7000   0.1000   5.9025e-03   5.6460e-04   4.8594e-04   3.4235e-02   3.2747e-03   2.8184e-03   1.4993e-02   6.7114e-03
   5.5000   0.3000   6.3280e-03   6.3309e-04   4.9729e-04   3.6703e-02   3.6719e-03   2.8843e-03   1.4993e-02   6.7114e-03
   5.3000   0.1000   6.8564e-03   1.0616e-03   5.8879e-04   3.9767e-02   6.1572e-03   3.4150e-03   1.4993e-02   6.7114e-03
El     22   SB3                                   PROP1     12     13     28
   5.8333   0.5000   5.3773e-03   9.0797e-04  -1.2431e-04   3.1188e-02   5.2662e-03  -7.2098e-04   2.6171e-02  -4.0611e-03
   5.9000   0.3000   4.9282e-03   4.1028e-04  -1.6360e-04   2.8583e-02   2.3796e-03  -9.4890e-04   2.6171e-02  -4.0611e-03
   5.9000   0.7000   5.2248e-03   1.3165e-03  -5.6469e-04   3.0304e-02   7.6358e-03  -3.2752e-03   2.6171e-02  -4.0611e-03
   5.7000   0.5000   5.7784e-03   1.0639e-03  -5.1065e-05   3.3515e-02   6.1709e-03  -2.9618e-04   2.6171e-02  -4.0611e-03
El     23   SB3                                   PROP1     28     26     12
   5.5000   0.8333   5.6793e-03   1.6022e-03  -5.4136e-04   3.2940e-02   9.2930e-03  -3.1399e-03   1.4455e-02   1.3934e-02
   5.3000   0.9000   5.9088e-03   1.6300e-03  -4.8730e-04   3.4271e-02   9.4540e-03  -2.8263e-03   1.4455e-02   1.3934e-02
   5.5000   0.7000   5.7623e-03   1.8158e-03  -3.4885e-04   3.3421e-02   1.0532e-02  -2.0234e-03   1.4455e-02   1.3934e-02
   5.7000   0.9000   5.4023e-03   1.2542e-03  -7.0085e-04   3.1333e-02   7.2741e-03  -4.0649e-03   1.4455e-02   1.3934e-02
El     24   SB3                                   PROP1     26     11     12
   5.1667   0.5000   6.6508e-03   1.4494e-03   6.6165e-04   3.8575e-02   8.4068e-03   3.8376e-03   1.8948e-02  -1.5351e-02
   5.1000   0.3000   6.5362e-03   6.8130e-04   1.1052e-03   3.7910e-02   3.9516e-03   6.4101e-03   1.8948e-02  -1.5351e-02
   5.3000   0.5000   6.3604e-03   1.3365e-03   6.8892e-04   3.6890e-02   7.7518e-03   3.9958e-03   1.8948e-02  -1.5351e-02
   5.1000   0.7000   7.2010e-03   2.2821e-03   8.1480e-04   4.1766e-02   1.3236e-02   4.7259e-03   1.8948e-02  -1.5351e-02
El     25   SB3                                   PROP1     13     15     14
   6.5000   0.1667   2.6979e-03   2.7075e-04  -1.5730e-04   1.5648e-02   1.5703e-03  -9.1233e-04   2.8387e-02   1.2120e-04
   6.7000   0.1000   1.7347e-03  -2.1343e-04  -3.6544e-04   1.0061e-02  -1.2379e-03  -2.1195e-03   2.8387e-02   1.2120e-04
   6.5000   0.3000   2.6971e-03   2.6889e-04  -3.7999e-04   1.5643e-02   1.5596e-03  -2.2039e-03   2.8387e-02   1.2120e-04
   6.3000   0.1000   3.6615e-03   7.5771e-04  -3.6358e-04   2.1236e-02   4.3947e-03  -2.1088e-03   2.8387e-02   1.2120e-04
El     26   SB3                                   PROP1     14     15     30
   6.8333   0.5000   1.3424e-03   1.0019e-04  -8.7833e-04   7.7859e-03   5.8112e-04  -5.0943e-03   3.7657e-02   3.1165e-03
   6.9000   0.3000   9.3106e-04   1.4577e-05  -6.5186e-04   5.4002e-03   8.4545e-05  -3.7808e-03   3.7657e-02   3.1165e-03
   6.9000   0.7000   8.8807e-04   5.7563e-05  -1.2290e-03   5.1508e-03   3.3386e-04  -7.1281e-03   3.7657e-02   3.1165e-03
   6.7000   0.5000   1.9195e-03   3.2463e-04  -8.1146e-04   1.1133e-02   1.8828e-03  -4.7065e-03   3.7657e-02   3.1165e-03
El     27   SB3                                   PROP1     30     28     14
   6.5000   0.8333   2.4538e-03   5.6759e-04  -1.8269e-03   1.4232e-02   3.2920e-03  -1.0596e-02   2.7986e-02   7.3440e-03
   6.3000   0.9000   3.1558e-03   9.0306e-04  -1.7232e-03   1.8304e-02   5.2377e-03  -9.9944e-03   2.7986e-02   7.3440e-03
   6.5000   0.7000   2.4976e-03   6.8014e-04  -1.5289e-03   1.4486e-02   3.9448e-03  -8.8679e-03   2.7986e-02   7.3440e-03
   6.7000   0.9000   1.7268e-03   6.3288e-05  -1.8357e-03   1.0015e-02   3.6707e-04  -1.0647e-02   2.7986e-02   7.3440e-03
El     28   SB3                                   PROP1     28     13     14
   6.1667   0.5000   3.7900e-03   7.5736e-04  -5.9699e-04   2.1982e-02   4.3927e-03  -3.4625e-03   3.0434e-02  -9.7633e-03
   6.1000   0.3000   3.9522e-03   3.9539e-04  -2.3754e-04   2.2923e-02   2.2932e-03  -1.3777e-03   3.0434e-02  -9.7633e-03
   6.3000   0.5000   3.3236e-03   5.7597e-04  -5.4788e-04   1.9277e-02   3.3406e-03  -3.1777e-03   3.0434e-02  -9.7633e-03
   6.1000   0.7000   4.3275e-03   1.2230e-03  -7.0396e-04   2.5099e-02   7.0933e-03  -4.0830e-03   3.0434e-02  -9.7633e-03
El     29   SB3                                   PROP1     16     18     17
   0.5000   1.1667   1.5131e-03   4.3980e-03   1.0153e-02   8.7761e-03   2.5508e-02   5.8889e-02  -2.8826e-02   1.5548e-02
   0.7000   1.1000   2.3213e-03   5.0206e-03   1.0113e-02   1.3463e-02   2.9119e-02   5.8658e-02  -2.8826e-02   1.5548e-02
   0.5000   1.3000   1.4205e-03   4.1597e-03   1.0445e-02   8.2387e-03   2.4126e-02   6.0580e-02  -2.8826e-02   1.5548e-02
   0.3000   1.1000   7.5791e-04   4.1327e-03   1.0352e-02   4.3959e-03   2.3970e-02   6.0040e-02  -2.8826e-02   1.5548e-02
El     30   SB3                                   PROP1     17     18     33
   0.8333   1.5000   1.2060e-03   3.8132e-03   8.7541e-03   6.9946e-03   2.2117e-02   5.0774e-02   2.6888e-02   2.7375e-02
   0.9000   1.3000   1.1482e-03   3.8287e-03   8.5814e-03   6.6597e-03   2.2206e-02   4.9772e-02   2.6888e-02   2.7375e-02
   0.9000   1.7000   6.4561e-04   3.7062e-03   8.1693e-03   3.7446e-03   2.1496e-02   4.7382e-02   2.6888e-02   2.7375e-02
   0.7000   1.5000   1.6181e-03   3.9735e-03   9.2581e-03   9.3847e-03   2.3046e-02   5.3697e-02   2.6888e-02   2.7375e-02
El     31   SB3                                   PROP1     33     31     17
   0.5000   1.8333   7.8145e-04   4.2095e-03   8.6969e-03   4.5324e-03   2.4415e-02   5.0442e-02   2.6289e-02   2.2770e-02
   0.3000   1.9000   6.8840e-04   4.1608e-03   8.4323e-03   3.9927e-03   2.4133e-02   4.8907e-02   2.6289e-02   2.2770e-02
   0.5000   1.7000   9.1717e-04   4.5585e-03   9.2186e-03   5.3196e-03   2.6439e-02   5.3468e-02   2.6289e-02   2.2770e-02
   0.7000   1.9000   7.9696e-04   3.7347e-03   8.0833e-03   4.6224e-03   2.1661e-02   4.6883e-02   2.6289e-02   2.2770e-02
El     32   SB3                                   PROP1     31     16     17
   0.1667   1.5000   1.0694e-03   4.8134e-03   9.9004e-03   6.2024e-03   2.7918e-02   5.7422e-02   1.9665e-02  -2.2635e-02
   0.1000   1.3000   9.9538e-04   4.4272e-03   9.9840e-03   5.7732e-03   2.5678e-02   5.7907e-02   1.9665e-02  -2.2635e-02
   0.3000   1.5000   7.6800e-04   4.6962e-03   1.0194e-02   4.4544e-03   2.7238e-02   5.9126e-02   1.9665e-02  -2.2635e-02
   0.1000   1.7000   1.5955e-03   5.2666e-03   9.6826e-03   9.2537e-03   3.0546e-02   5.6159e-02   1.9665e-02  -2.2635e-02
El     33   SB3                                   PROP1     18     20     19
   1.5000   1.1667   5.0855e-03   3.7613e-03   7.1983e-03   2.9496e-02   2.1815e-02   4.1750e-02  -1.3724e-02   1.1599e-02
   1.7000   1.1000   6.1896e-03   4.2840e-03   7.6220e-03   3.5899e-02   2.4847e-02   4.4207e-02  -1.3724e-02   1.1599e-02
   1.5000   1.3000   5.0164e-03   3.5835e-03   7.0997e-03   2.9095e-02   2.0784e-02   4.1179e-02  -1.3724e-02   1.1599e-02
   1.3000   1.1000   4.0209e-03   3.5052e-03   7.7997e-03   2.3321e-02   2.0330e-02   4.5238e-02  -1.3724e-02   1.1599e-02
El     34   SB3                                   PROP1     19     20     35
   1.8333   1.5000   6.2647e-03   2.5796e-03   6.9663e-03   3.6335e-02   1.4962e-02   4.0405e-02   1.2087e-02   1.4313e-02
   1.9000   1.3000   6.4366e-03   3.3088e-03   7.3394e-03   3.7332e-02   1.9191e-02   4.2569e-02   1.2087e-02   1.4313e-02
   1.9000   1.7000   5.8150e-03   1.8093e-03   7.1542e-03   3.3727e-02   1.0494e-02   4.1494e-02   1.2087e-02   1.4313e-02
   1.7000   1.5000   6.4500e-03   2.6517e-03   6.9906e-03   3.7410e-02   1.5380e-02   4.0546e-02   1.2087e-02   1.4313e-02
El     35   SB3                                   PROP1     35     33     19
   1.5000   1.8333   4.8345e-03   2.5279e-03   6.2195e-03   2.8040e-02   1.4662e-02   3.6073e-02  -4.5732e-02   1.8822e-02
   1.3000   1.9000   2.7566e-03   1.4058e-03   5.7007e-03   1.5988e-02   8.1539e-03   3.3064e-02  -4.5732e-02   1.8822e-02
   1.5000   1.7000   4.9466e-03   2.8163e-03   6.0253e-03   2.8690e-02   1.6335e-02   3.4947e-02  -4.5732e-02   1.8822e-02
   1.7000   1.9000   6.8482e-03   3.2172e-03   5.4123e-03   3.9719e-02   1.8660e-02   3.1391e-02  -4.5732e-02   1.8822e-02
El     36   SB3                                   PROP1     33     18     19
   1.1667   1.5000   3.6360e-03   3.7288e-03   7.6879e-03   2.1089e-02   2.1627e-02   4.4590e-02   4.8646e-03   1.4048e-02
   1.1000   1.3000   3.8513e-03   3.8902e-03   7.8384e-03   2.2338e-02   2.2563e-02   4.5463e-02   4.8646e-03   1.4048e-02
   1.3000   1.5000   3.5614e-03   3.6998e-03   7.4699e-03   2.0656e-02   2.1459e-02   4.3325e-02   4.8646e-03   1.4048e-02
   1.1000   1.7000   3.5325e-03   3.5839e-03   7.7638e-03   2.0489e-02   2.0786e-02   4.5030e-02   4.8646e-03   1.4048e-02
El     37   SB3                                   PROP1     20     22     21
   2.5000   1.1667   8.2944e-03   3.3581e-03   6.4483e-03   4.8108e-02   1.9477e-02   3.7400e-02  -8.1245e-03   2.2503e-03
   2.7000   1.1000   8.6177e-03   3.5338e-03   6.5195e-03   4.9983e-02   2.0496e-02   3.7813e-02  -8.1245e-03   2.2503e-03
   2.5000   1.3000   8.2810e-03   3.3236e-03   6.4975e-03   4.8030e-02   1.9277e-02   3.7686e-02  -8.1245e-03   2.2503e-03
   2.3000   1.1000   7.9788e-03   3.2341e-03   6.5540e-03   4.6277e-02   1.8757e-02   3.8013e-02  -8.1245e-03   2.2503e-03
El     38   SB3                                   PROP1     21     22     37
   2.8333   1.5000   9.3607e-03   4.5765e-03   7.6014e-03   5.0856e-02   2.6544e-02   4.2123e-02  -2.8539e-02  -2.1961e-02
   2.9000   1.3000   9.6695e-03   3.7551e-03   7.0094e-03   5.1650e-02   2.1780e-02   3.9253e-02  -2.8539e-02  -2.1961e-02
   2.9000   1.7000   1.0889e-02   5.6702e-03   8.2344e-03   5.2641e-02   3.2887e-02   4.0751e-02  -2.8539e-02  -2.1961e-02
   2.7000   1.5000   8.1356e-03   4.1001e-03   7.0971e-03   4.7187e-02   2.3781e-02   4.1163e-02  -2.8539e-02  -2.1961e-02
El     39   SB3                                   PROP1     37     35     21
   2.5000   1.8333   8.5739e-03   3.9786e-03   9.6667e-03   4.9729e-02   2.3076e-02   5.6067e-02  -4.2550e-02  -1.7559e-02
   2.3000   1.9000   8.6234e-03   3.8185e-03   1.0197e-02   5.0016e-02   2.2147e-02   5.9144e-02  -4.2550e-02  -1.7559e-02
   2.5000   1.7000   8.4693e-03   3.7095e-03   8.8451e-03   4.9122e-02   2.1515e-02   5.1301e-02  -4.2550e-02  -1.7559e-02
   2.7000   1.9000   8.5843e-03   4.5424e-03   1.0466e-02   4.9789e-02   2.6346e-02   6.0705e-02  -4.2550e-02  -1.7559e-02
El     40   SB3                                   PROP1     35     20     21
   2.1667   1.5000   7.5604e-03   2.7074e-03   6.9831e-03   4.3850e-02   1.5703e-02   4.0502e-02  -6.0124e-02   3.1385e-02
   2.1000   1.3000   7.2979e-03   3.2371e-03   6.5820e-03   4.2328e-02   1.8775e-02   3.8176e-02  -6.0124e-02   3.1385e-02
   2.3000   1.5000   8.4819e-03   3.0658e-03   6.5925e-03   4.9195e-02   1.7782e-02   3.8236e-02  -6.0124e-02   3.1385e-02
   2.1000   1.7000   6.4408e-03   1.9731e-03   7.5034e-03   3.7357e-02   1.1444e-02   4.3520e-02  -6.0124e-02   3.1385e-02
El     41   SB3                                   PROP1     22     24     23
   3.5000   1.1667   7.9042e-03   4.4363e-03   4.4176e-03   4.5844e-02   2.5731e-02   2.5622e-02   1.4164e-02   4.5417e-02
   3.7000   1.1000   7.7429e-03   4.7766e-03   4.1276e-03   4.4909e-02   2.7704e-02   2.3940e-02   1.4164e-02   4.5417e-02
   3.5000   1.3000   7.6335e-03   3.7403e-03   4.2258e-03   4.4274e-02   2.1694e-02   2.4510e-02   1.4164e-02   4.5417e-02
   3.3000   1.1000   8.2201e-03   5.1401e-03   4.8237e-03   4.7677e-02   2.9813e-02   2.7977e-02   1.4164e-02   4.5417e-02
El     42   SB3                                   PROP1     23     24     39
   3.8333   1.5000   6.9642e-03   5.1423e-03   3.3515e-03   4.0393e-02   2.9825e-02   1.9439e-02  -7.6015e-03  -2.5378e-02
   3.9000   1.3000   6.4929e-03   3.7957e-03   2.7758e-03   3.7659e-02   2.2015e-02   1.6100e-02  -7.6015e-03  -2.5378e-02
   3.9000   1.7000   7.6103e-03   6.5148e-03   2.8923e-03   4.4140e-02   3.7786e-02   1.6775e-02  -7.6015e-03  -2.5378e-02
   3.7000   1.5000   6.8477e-03   5.0970e-03   3.3185e-03   3.9717e-02   2.9562e-02   1.9247e-02  -7.6015e-03  -2.5378e-02
El     43   SB3                                   PROP1     39     37     23
   3.5000   1.8333   5.5566e-03   5.5154e-03   5.0230e-03   3.2228e-02   3.1989e-02   2.9134e-02  -2.5485e-02   5.2640e-02
   3.3000   1.9000   5.0256e-03   4.5803e-03   5.5227e-03   2.9148e-02   2.6565e-02   3.2032e-02  -2.5485e-02   5.2640e-02
   3.5000   1.7000   5.8704e-03   6.3221e-03   4.6820e-03   3.4048e-02   3.6668e-02   2.7155e-02  -2.5485e-02   5.2640e-02
   3.7000   1.9000   5.9084e-03   5.2404e-03   4.7159e-03   3.4269e-02   3.0394e-02   2.7353e-02  -2.5485e-02   5.2640e-02
El     44   SB3                                   PROP1     37     22     23
   3.1667   1.5000   6.4774e-03   4.8287e-03   6.5565e-03   3.7569e-02   2.8006e-02   3.8028e-02  -1.4824e-02   2.0735e-03
   3.1000   1.3000   6.0078e-03   3.5351e-03   7.3203e-03   3.4845e-02   2.0504e-02   4.2457e-02  -1.4824e-02   2.0735e-03
   3.3000   1.5000   6.7046e-03   4.9170e-03   6.0940e-03   3.8886e-02   2.8519e-02   3.5345e-02  -1.4824e-02   2.0735e-03
   3.1000   1.7000   6.6062e-03   6.0717e-03   7.5474e-03   3.8316e-02   3.5216e-02   4.3775e-02  -1.4824e-02   2.0735e-03
El     45   SB3                                   PROP1     24     26     25
   4.5000   1.1667   7.1178e-03   3.9346e-03   1.2885e-03   4.1283e-02   2.2821e-02   7.4734e-03   1.0106e-02   2.9300e-02
   4.7000   1.1000   7.0952e-03   4.1661e-03   1.1705e-03   4.1152e-02   2.4163e-02   6.7891e-03   1.0106e-02   2.9300e-02
   4.5000   1.3000   6.9432e-03   3.4855e-03   1.1191e-03   4.0270e-02   2.0216e-02   6.4908e-03   1.0106e-02   2.9300e-02
   4.3000   1.1000   7.2402e-03   4.3766e-03   1.6196e-03   4.1993e-02   2.5384e-02   9.3936e-03   1.0106e-02   2.9300e-02
El     46   SB3                                   PROP1     25     26     41
   4.8333   1.5000   5.9785e-03   3.9622e-03  -3.3954e-04   3.4675e-02   2.2981e-02  -1.9693e-03   3.5025e-02  -5.7165e-03
   4.9000   1.3000   5.3150e-03   3.0561e-03  -5.4783e-04   3.0827e-02   1.7726e-02  -3.1774e-03   3.5025e-02  -5.7165e-03
   4.9000   1.7000   5.8368e-03   4.7490e-03  -1.0846e-03   3.3854e-02   2.7544e-02  -6.2908e-03   3.5025e-02  -5.7165e-03
   4.7000   1.5000   6.5153e-03   4.1710e-03  -1.6690e-04   3.7789e-02   2.4192e-02  -9.6800e-04   3.5025e-02  -5.7165e-03
El     47   SB3                                   PROP1     41     39     25
   4.5000   1.8333   5.4086e-03   5.0970e-03  -5.4912e-04   3.1370e-02   2.9562e-02  -3.1849e-03   3.1400e-03   3.6523e-02
   4.3000   1.9000   4.9505e-03   4.6052e-03  -5.8134e-04   2.8713e-02   2.6710e-02  -3.3718e-03   3.1400e-03   3.6523e-02
   4.5000   1.7000   5.6263e-03   5.6567e-03  -3.5698e-04   3.2633e-02   3.2809e-02  -2.0705e-03   3.1400e-03   3.6523e-02
   4.7000   1.9000   5.7424e-03   4.7491e-03  -1.1411e-03   3.3306e-02   2.7545e-02  -6.6182e-03   3.1400e-03   3.6523e-02
El     48   SB3                                   PROP1     39     24     25
   4.1667   1.5000   6.5287e-03   5.0885e-03   1.8881e-03   3.7867e-02   2.9513e-02   1.0951e-02   2.7803e-02  -1.9870e-02
   4.1000   1.3000   6.3276e-03   3.7383e-03   2.7283e-03   3.6700e-02   2.1682e-02   1.5824e-02   2.7803e-02  -1.9870e-02
   4.3000   1.5000   6.1026e-03   4.9228e-03   1.8029e-03   3.5395e-02   2.8552e-02   1.0457e-02   2.7803e-02  -1.9870e-02
   4.1000   1.7000   7.3690e-03   6.5334e-03   2.3022e-03   4.2740e-02   3.7894e-02   1.3353e-02   2.7803e-02  -1.9870e-02
El     49   SB3                                   PROP1     26     28     27
   5.5000   1.1667   5.5998e-03   2.6678e-03  -1.0760e-03   3.2479e-02   1.5473e-02  -6.2407e-03   1.8689e-02   1.5942e-02
   5.7000   1.1000   5.4029e-03   2.6339e-03  -1.0611e-03   3.1337e-02   1.5277e-02  -6.1543e-03   1.8689e-02   1.5942e-02
   5.5000   1.3000   5.5048e-03   2.4235e-03  -1.3593e-03   3.1928e-02   1.4056e-02  -7.8841e-03   1.8689e-02   1.5942e-02
   5.3000   1.1000   5.8510e-03   3.0682e-03  -8.1676e-04   3.3936e-02   1.7795e-02  -4.7372e-03   1.8689e-02   1.5942e-02
El     50   SB3                                   PROP1     27     28     43
   5.8333   1.5000   4.3863e-03   2.1783e-03  -2.8147e-03   2.5441e-02   1.2634e-02  -1.6325e-02   5.2307e-02  -6.6338e-04
   5.9000   1.3000   3.6794e-03   1.6894e-03  -2.6702e-03   2.1341e-02   9.7986e-03  -1.5487e-02   5.2307e-02  -6.6338e-04
   5.9000   1.7000   3.8908e-03   2.4890e-03  -3.4719e-03   2.2566e-02   1.4436e-02  -2.0137e-02   5.2307e-02  -6.6338e-04
   5.7000   1.5000   5.1880e-03   2.4900e-03  -2.6941e-03   3.0090e-02   1.4442e-02  -1.5626e-02   5.2307e-02  -6.6338e-04
El     51   SB3                                   PROP1     43     41     27
   5.5000   1.8333   4.6202e-03   3.2404e-03  -3.8245e-03   2.6797e-02   1.8794e-02  -2.2182e-02   1.4900e-02   2.3165e-02
   5.3000   1.9000   4.4857e-03   3.0788e-03  -3.9387e-03   2.6017e-02   1.7857e-02  -2.2845e-02   1.4900e-02   2.3165e-02
   5.5000   1.7000   4.7583e-03   3.5954e-03  -3.5074e-03   2.7598e-02   2.0853e-02  -2.0343e-02   1.4900e-02   2.3165e-02
   5.7000   1.9000   4.6759e-03   2.8694e-03  -4.2938e-03   2.7120e-02   1.6643e-02  -2.4904e-02   1.4900e-02   2.3165e-02
El     52   SB3                                   PROP1     41     26     27
   5.1667   1.5000   5.8145e-03   3.7491e-03  -1.5117e-03   3.3724e-02   2.1745e-02  -8.7679e-03   4.5084e-02  -1.1860e-02
   5.1000   1.3000   6.0294e-03   3.0218e-03  -8.1192e-04   3.4971e-02   1.7526e-02  -4.7092e-03   4.5084e-02  -1.1860e-02
   5.3000   1.5000   5.1235e-03   3.4804e-03  -1.5525e-03   2.9716e-02   2.0186e-02  -9.0047e-03   4.5084e-02  -1.1860e-02
   5.1000   1.7000   6.6359e-03   4.6299e-03  -1.5029e-03   3.8488e-02   2.6854e-02  -8.7167e-03   4.5084e-02  -1.1860e-02
El     53   SB3                                   PROP1     28     30     29
   6.5000   1.1667   2.4248e-03   9.4197e-04  -2.2721e-03   1.4064e-02   5.4634e-03  -1.3178e-02   3.2980e-02   3.5540e-03
   6.7000   1.1000   1.7508e-03   5.2850e-04  -2.2472e-03   1.0155e-02   3.0653e-03  -1.3034e-02   3.2980e-02   3.5540e-03
   6.5000   1.3000   2.4036e-03   8.8751e-04  -2.6772e-03   1.3941e-02   5.1475e-03  -1.5527e-02   3.2980e-02   3.5540e-03
   6.3000   1.1000   3.1109e-03   1.4372e-03  -2.1928e-03   1.8043e-02   8.3355e-03  -1.2718e-02   3.2980e-02   3.5540e-03
El     54   SB3                                   PROP1     29     30     45
   6.8333   1.5000   9.5514e-04   1.7116e-04  -3.8823e-03   5.5398e-03   9.9274e-04  -2.2517e-02   6.4330e-02   2.3257e-03
   6.9000   1.3000   2.3176e-04   4.5579e-05  -3.4357e-03   1.3442e-03   2.6436e-04  -1.9927e-02   6.4330e-02   2.3257e-03
   6.9000   1.7000   1.9968e-04   7.7658e-05  -4.4216e-03   1.1581e-03   4.5042e-04  -2.5645e-02   6.4330e-02   2.3257e-03
   6.7000   1.5000   1.9410e-03   5.5456e-04  -3.8324e-03   1.1258e-02   3.2165e-03  -2.2228e-02   6.4330e-02   2.3257e-03
El     55   SB3                                   PROP1     45     43     29
   6.5000   1.8333   2.0825e-03   1.0972e-03  -5.5605e-03   1.2078e-02   6.3635e-03  -3.2251e-02   2.6991e-02   1.0777e-02
   6.3000   1.9000   2.4181e-03   1.2945e-03  -5.6556e-03   1.4025e-02   7.5079e-03  -3.2803e-02   2.6991e-02   1.0777e-02
   6.5000   1.7000   2.1467e-03   1.2623e-03  -5.1615e-03   1.2451e-02   7.3214e-03  -2.9936e-02   2.6991e-02   1.0777e-02
   6.7000   1.9000   1.7101e-03   6.5210e-04  -5.8208e-03   9.9188e-03   3.7822e-03  -3.3761e-02   2.6991e-02   1.0777e-02
El     56   SB3                                   PROP1     43     28     29
   6.1667   1.5000   3.5329e-03   1.8872e-03  -3.4143e-03   2.0491e-02   1.0946e-02  -1.9803e-02   5.7107e-02  -5.6746e-03
   6.1000   1.3000   4.0491e-03   1.6192e-03  -2.8202e-03   2.3485e-02   9.3912e-03  -1.6357e-02   5.7107e-02  -5.6746e-03
   6.3000   1.5000   2.6577e-03   1.5468e-03  -3.4274e-03   1.5415e-02   8.9716e-03  -1.9879e-02   5.7107e-02  -5.6746e-03
   6.1000   1.7000   4.3296e-03   2.3497e-03  -3.6954e-03   2.5111e-02   1.3628e-02  -2.1433e-02   5.7107e-02  -5.6746e-03
El     57   SB3                                   PROP1     31     33     32
   0.5000   2.1667   7.4101e-04   7.1423e-03   8.1867e-03   4.2978e-03   4.1425e-02   4.7483e-02  -6.0656e-03  -7.5691e-03
   0.7000   2.1000   5.5927e-04   7.0654e-03   8.0392e-03   3.2437e-03   4.0979e-02   4.6627e-02  -6.0656e-03  -7.5691e-03
   0.5000   2.3000   7.8612e-04   7.2583e-03   8.3592e-03   4.5595e-03   4.2098e-02   4.8483e-02  -6.0656e-03  -7.5691e-03
   0.3000   2.1000   8.9697e-04   7.0452e-03   7.9232e-03   5.2024e-03   4.0862e-02   4.5954e-02  -6.0656e-03  -7.5691e-03
El     58   SB3                                   PROP1     32     33     48
   0.8333   2.5000   2.0415e-03   1.9111e-02   1.4435e-02   1.1841e-02   5.1098e-02   4.0816e-02  -2.9880e-03  -3.8971e-02
   0.9000   2.3000  -1.2429e-03   1.0304e-02   1.1069e-02  -7.2085e-03   5.1768e-02   5.2905e-02  -2.9880e-03  -3.8971e-02
   0.9000   2.7000   6.5525e-03   2.8100e-02   1.1887e-02   3.8004e-02   5.4783e-02   3.7500e-02  -2.9880e-03  -3.8971e-02
   0.7000   2.5000   1.2238e-03   1.8793e-02   1.3683e-02   7.0979e-03   5.4148e-02   3.8915e-02  -2.9880e-03  -3.8971e-02
El     59   SB3                                   PROP1     48     46     32
   0.5000   2.8333   1.5406e-03   3.0095e-02   1.0268e-02   8.9353e-03   5.2001e-02   3.7089e-02  -3.5718e-02   1.1669e-02
   0.3000   2.9000   6.9449e-04   3.0020e-02   9.8787e-03   4.0280e-03   5.0815e-02   3.7415e-02  -3.5718e-02   1.1669e-02
   0.5000   2.7000   1.3120e-03   2.9507e-02   9.9315e-03   7.6096e-03   5.3572e-02   3.5908e-02  -3.5718e-02   1.1669e-02
   0.7000   2.9000   2.5173e-03   3.1052e-02   1.0466e-02   1.4600e-02   5.0960e-02   3.8117e-02  -3.5718e-02   1.1669e-02
El     60   SB3                                   PROP1     46     31     32
   0.1667   2.5000   3.2196e-04   1.8044e-02   5.6148e-03   1.8673e-03   5.1107e-02   2.9108e-02   2.4564e-02   5.5831e-02
   0.1000   2.3000  -4.1909e-03   8.1780e-03   8.8002e-03  -2.4307e-02   4.7433e-02   5.1041e-02   2.4564e-02   5.5831e-02
   0.3000   2.5000   6.6795e-04   1.8179e-02   6.3307e-03   3.8741e-03   5.1558e-02   2.9438e-02   2.4564e-02   5.5831e-02
   0.1000   2.7000   4.3158e-03   2.7834e-02   9.1462e-03   2.5031e-02   5.1458e-02   3.4192e-02   2.4564e-02   5.5831e-02
El     69   SB3                                   PROP1     37     39     38
   3.5000   2.1667   4.8572e-03   1.3096e-02   2.6161e-03   2.8172e-02   5.1875e-02   1.0427e-02   2.5954e-03  -5.6458e-02
   3.7000   2.1000   6.2099e-03   1.5289e-02   2.5073e-03   3.6018e-02   4.1437e-02   1.2161e-02   2.5954e-03  -5.6458e-02
   3.5000   2.3000   3.6042e-03   9.8737e-03   1.2357e-03   2.0904e-02   5.3704e-02   6.9527e-03   2.5954e-03  -5.6458e-02
   3.3000   2.1000   4.2204e-03   1.5736e-02   5.7293e-03   2.4479e-02   4.1227e-02   1.4322e-02   2.5954e-03  -5.6458e-02
El     70   SB3                                   PROP1     38     39     54
   3.8333   2.5000   3.6380e-03   7.9362e-03  -3.5335e-03   2.1100e-02   4.6030e-02  -2.0495e-02   3.3800e-02   1.9024e-02
   3.9000   2.3000   3.6175e-03   8.6947e-03  -3.0221e-03   2.0981e-02   5.0429e-02  -1.7528e-02   3.3800e-02   1.9024e-02
   3.9000   2.7000   2.8814e-03   7.0626e-03  -3.5401e-03   1.6712e-02   4.0963e-02  -2.0533e-02   3.3800e-02   1.9024e-02
   3.7000   2.5000   4.1560e-03   8.1376e-03  -3.4411e-03   2.4105e-02   4.7198e-02  -1.9958e-02   3.3800e-02   1.9024e-02
El     71   SB3                                   PROP1     54     52     38
   3.5000   2.8333   3.6210e-03   7.4274e-03  -4.3006e-03   2.1002e-02   4.3079e-02  -2.4944e-02  -2.4747e-02   6.9909e-02
   3.3000   2.9000   2.7583e-03   6.2246e-03  -3.8815e-03   1.5998e-02   3.6103e-02  -2.2513e-02  -2.4747e-02   6.9909e-02
   3.5000   2.7000   4.0377e-03   8.4988e-03  -4.5268e-03   2.3418e-02   4.9293e-02  -2.6256e-02  -2.4747e-02   6.9909e-02
   3.7000   2.9000   4.2456e-03   7.0232e-03  -4.9529e-03   2.4625e-02   4.0734e-02  -2.8727e-02  -2.4747e-02   6.9909e-02
El     72   SB3                                   PROP1     52     37     38
   3.1667   2.5000   5.2136e-03   1.2214e-02  -5.7766e-04   3.0239e-02   4.8843e-02  -1.0316e-03   1.5933e-01   2.8831e-02
   3.1000   2.3000   9.5160e-03   1.6133e-02   8.2215e-04   5.1789e-02   5.3759e-02   2.2542e-03   1.5933e-01   2.8831e-02
   3.3000   2.5000   2.5450e-03   1.1176e-02  -2.4708e-03   1.4761e-02   5.3093e-02  -8.8884e-03   1.5933e-01   2.8831e-02
   3.1000   2.7000   4.9142e-03   8.8877e-03  -1.8465e-03   2.8502e-02   5.1548e-02  -1.0710e-02   1.5933e-01   2.8831e-02
El     73   SB3                                   PROP1     39     41     40
   4.5000   2.1667   5.2259e-03   7.1884e-03  -2.2451e-03   3.0310e-02   4.1693e-02  -1.3022e-02   2.0773e-02   3.2159e-02
   4.7000   2.1000   5.7982e-03   7.5083e-03  -1.8281e-03   3.3630e-02   4.3548e-02  -1.0603e-02   2.0773e-02   3.2159e-02
   4.5000   2.3000   5.0342e-03   6.6955e-03  -2.8156e-03   2.9199e-02   3.8834e-02  -1.6330e-02   2.0773e-02   3.2159e-02
   4.3000   2.1000   4.7631e-03   7.6077e-03  -1.3353e-03   2.7626e-02   4.4125e-02  -7.7446e-03   2.0773e-02   3.2159e-02
El     74   SB3                                   PROP1     40     41     56
   4.8333   2.5000   4.1827e-03   5.2052e-03  -5.5999e-03   2.4260e-02   3.0190e-02  -3.2479e-02   7.1393e-02  -5.8011e-04
   4.9000   2.3000   3.3334e-03   4.9890e-03  -5.1070e-03   1.9334e-02   2.8936e-02  -2.9621e-02   7.1393e-02  -5.8011e-04
   4.9000   2.7000   3.3907e-03   5.1782e-03  -6.2011e-03   1.9666e-02   3.0034e-02  -3.5967e-02   7.1393e-02  -5.8011e-04
   4.7000   2.5000   5.2768e-03   5.6307e-03  -5.5795e-03   3.0606e-02   3.2658e-02  -3.2361e-02   7.1393e-02  -5.8011e-04
El     75   SB3                                   PROP1     56     54     40
   4.5000   2.8333   4.2139e-03   5.6731e-03  -6.2331e-03   2.4441e-02   3.2904e-02  -3.6152e-02   4.8129e-03   3.9382e-02
   4.3000   2.9000   3.8220e-03   5.1807e-03  -6.2216e-03   2.2168e-02   3.0048e-02  -3.6085e-02   4.8129e-03   3.9382e-02
   4.5000   2.7000   4.4486e-03   6.2767e-03  -6.0326e-03   2.5802e-02   3.6405e-02  -3.4989e-02   4.8129e-03   3.9382e-02
   4.7000   2.9000   4.4717e-03   5.2602e-03  -6.8252e-03   2.5936e-02   3.0509e-02  -3.9586e-02   4.8129e-03   3.9382e-02
El     76   SB3                                   PROP1     54     39     40
   4.1667   2.5000   5.2379e-03   7.6755e-03  -3.6620e-03   3.0380e-02   4.4518e-02  -2.1239e-02   6.4170e-02   3.5834e-02
   4.1000   2.3000   6.4594e-03   8.4849e-03  -3.0878e-03   3.7465e-02   4.9212e-02  -1.7909e-02   6.4170e-02   3.5834e-02
   4.3000   2.5000   4.2545e-03   7.2931e-03  -4.1151e-03   2.4676e-02   4.2300e-02  -2.3867e-02   6.4170e-02   3.5834e-02
   4.1000   2.7000   5.4915e-03   7.0847e-03  -4.0713e-03   3.1851e-02   4.1091e-02  -2.3613e-02   6.4170e-02   3.5834e-02
El     77   SB3                                   PROP1     41     43     42
   5.5000   2.1667   4.4956e-03   4.0098e-03  -5.0967e-03   2.6074e-02   2.3257e-02  -2.9561e-02   1.8721e-02   2.3676e-02
   5.7000   2.1000   4.6573e-03   4.1509e-03  -4.9102e-03   2.7013e-02   2.4075e-02  -2.8479e-02   1.8721e-02   2.3676e-02
   5.5000   2.3000   4.3545e-03   3.6470e-03  -5.4958e-03   2.5256e-02   2.1152e-02  -3.1876e-02   1.8721e-02   2.3676e-02
   5.3000   2.1000   4.4145e-03   4.4130e-03  -4.5474e-03   2.5604e-02   2.5595e-02  -2.6375e-02   1.8721e-02   2.3676e-02
El     78   SB3                                   PROP1     42     43     58
   5.8333   2.5000   3.3087e-03   2.7202e-03  -7.6558e-03   1.9191e-02   1.5777e-02  -4.4404e-02   6.5690e-02   3.9459e-03
   5.9000   2.3000   2.5492e-03   2.4544e-03  -7.3155e-03   1.4786e-02   1.4235e-02  -4.2430e-02   6.5690e-02   3.9459e-03
   5.9000   2.7000   2.5582e-03   2.7622e-03  -8.3223e-03   1.4837e-02   1.6021e-02  -4.8269e-02   6.5690e-02   3.9459e-03
   5.7000   2.5000   4.3155e-03   3.1117e-03  -7.5289e-03   2.5030e-02   1.8048e-02  -4.3668e-02   6.5690e-02   3.9459e-03
El     79   SB3                                   PROP1     58     56     42
   5.5000   2.8333   3.5115e-03   3.5508e-03  -8.6789e-03   2.0367e-02   2.0595e-02  -5.0337e-02   1.3880e-02   3.0899e-02
   5.3000   2.9000   3.2513e-03   3.2634e-03  -8.7932e-03   1.8858e-02   1.8928e-02  -5.1000e-02   1.3880e-02   3.0899e-02
   5.5000   2.7000   3.6956e-03   4.0244e-03  -8.3438e-03   2.1435e-02   2.3341e-02  -4.8394e-02   1.3880e-02   3.0899e-02
   5.7000   2.9000   3.6664e-03   3.1279e-03  -9.2667e-03   2.1265e-02   1.8142e-02  -5.3747e-02   1.3880e-02   3.0899e-02
El     80   SB3                                   PROP1     56     41     42
   5.1667   2.5000   4.6791e-03   4.8597e-03  -6.0563e-03   2.7139e-02   2.8186e-02  -3.5126e-02   5.8467e-02   7.1301e-03
   5.1000   2.3000   5.3757e-03   4.8115e-03  -5.4005e-03   3.1179e-02   2.7907e-02  -3.1323e-02   5.8467e-02   7.1301e-03
   5.3000   2.5000   3.7831e-03   4.5112e-03  -6.2421e-03   2.1942e-02   2.6165e-02  -3.6204e-02   5.8467e-02   7.1301e-03
   5.1000   2.7000   5.3266e-03   5.1070e-03  -6.2965e-03   3.0894e-02   2.9621e-02  -3.6520e-02   5.8467e-02   7.1301e-03
El     81   SB3                                   PROP1     43     45     44
   6.5000   2.1667   2.0350e-03   1.3473e-03  -6.6245e-03   1.1803e-02   7.8146e-03  -3.8422e-02   3.0148e-02   7.0861e-03
   6.7000   2.1000   1.7148e-03   1.0858e-03  -6.4382e-03   9.9458e-03   6.2979e-03  -3.7342e-02   3.0148e-02   7.0861e-03
   6.5000   2.3000   1.9927e-03   1.2387e-03  -7.0913e-03   1.1558e-02   7.1847e-03  -4.1130e-02   3.0148e-02   7.0861e-03
   6.3000   2.1000   2.3792e-03   1.7717e-03  -6.3296e-03   1.3800e-02   1.0276e-02  -3.6712e-02   3.0148e-02   7.0861e-03
El     82   SB3                                   PROP1     44     45     60
   6.8333   2.5000   6.7063e-04   1.9554e-04  -8.7655e-03   3.8897e-03   1.1341e-03  -5.0840e-02   7.3492e-02   2.0249e-03
   6.9000   2.3000  -1.6013e-04   5.6429e-05  -8.2427e-03  -9.2878e-04   3.2729e-04  -4.7808e-02   7.3492e-02   2.0249e-03
   6.9000   2.7000  -1.8806e-04   8.4359e-05  -9.3690e-03  -1.0908e-03   4.8928e-04  -5.4340e-02   7.3492e-02   2.0249e-03
   6.7000   2.5000   1.7969e-03   6.3355e-04  -8.7221e-03   1.0422e-02   3.6746e-03  -5.0588e-02   7.3492e-02   2.0249e-03
El     83   SB3                                   PROP1     60     58     44
   6.5000   2.8333   1.6398e-03   1.1981e-03  -1.0523e-02   9.5110e-03   6.9487e-03  -6.1031e-02   2.4065e-02   1.4309e-02
   6.3000   2.9000   1.7585e-03   1.2768e-03  -1.0686e-02   1.0199e-02   7.4054e-03  -6.1982e-02   2.4065e-02   1.4309e-02
   6.5000   2.7000   1.7251e-03   1.4173e-03  -1.0109e-02   1.0006e-02   8.2206e-03  -5.8634e-02   2.4065e-02   1.4309e-02
   6.7000   2.9000   1.4725e-03   7.9038e-04  -1.0906e-02   8.5402e-03   4.5842e-03  -6.3254e-02   2.4065e-02   1.4309e-02
El     84   SB3                                   PROP1     58     43     44
   6.1667   2.5000   2.9849e-03   2.3691e-03  -8.1331e-03   1.7313e-02   1.3741e-02  -4.7172e-02   6.6269e-02   1.6215e-03
   6.1000   2.3000   3.7261e-03   2.3440e-03  -7.5085e-03   2.1612e-02   1.3595e-02  -4.3549e-02   6.6269e-02   1.6215e-03
   6.3000   2.5000   1.9693e-03   1.9741e-03  -8.2101e-03   1.1422e-02   1.1450e-02  -4.7619e-02   6.6269e-02   1.6215e-03
   6.1000   2.7000   3.7671e-03   2.6198e-03  -8.5241e-03   2.1849e-02   1.5195e-02  -4.9440e-02   6.6269e-02   1.6215e-03
El     85   SB3                                   PROP1     46     48     47
   0.5000   3.1667   1.5823e-03   6.9860e-03   9.1339e-03   9.1774e-03   4.0519e-02   5.2977e-02   9.3076e-04   2.2661e-02
   0.7000   3.1000   2.7692e-03   7.5255e-03   9.7401e-03   1.6061e-02   4.3648e-02   5.6493e-02   9.3076e-04   2.2661e-02
   0.5000   3.3000   1.4473e-03   6.6387e-03   8.7333e-03   8.3941e-03   3.8504e-02   5.0653e-02   9.3076e-04   2.2661e-02
   0.3000   3.1000   4.7260e-04   6.9674e-03   1.0087e-02   2.7411e-03   4.0411e-02   5.8507e-02   9.3076e-04   2.2661e-02
El     86   SB3                                   PROP1     47     48     63
   0.8333   3.5000   1.5763e-03   5.0685e-03   6.4855e-03   9.1423e-03   2.9397e-02   3.7616e-02   4.7213e-02  -4.4176e-04
   0.9000   3.3000   1.0550e-03   5.0892e-03   6.9214e-03   6.1192e-03   2.9517e-02   4.0144e-02   4.7213e-02  -4.4176e-04
   0.9000   3.7000   1.0121e-03   4.8871e-03   6.1979e-03   5.8704e-03   2.8345e-02   3.5948e-02   4.7213e-02  -4.4176e-04
   0.7000   3.5000   2.2998e-03   5.3499e-03   6.4434e-03   1.3339e-02   3.1029e-02   3.7372e-02   4.7213e-02  -4.4176e-04
El     87   SB3                                   PROP1     63     61     47
   0.5000   3.8333   1.0796e-03   5.0826e-03   6.3619e-03   6.2617e-03   2.9479e-02   3.6899e-02  -1.1448e-02   2.9884e-02
   0.3000   3.9000   3.3282e-04   4.4665e-03   6.3024e-03   1.9304e-03   2.5906e-02   3.6554e-02  -1.1448e-02   2.9884e-02
   0.5000   3.7000   1.2577e-03   5.5406e-03   6.3745e-03   7.2947e-03   3.2136e-02   3.6972e-02  -1.1448e-02   2.9884e-02
   0.7000   3.9000   1.7246e-03   5.0118e-03   5.8444e-03   1.0003e-02   2.9069e-02   3.3898e-02  -1.1448e-02   2.9884e-02
El     88   SB3                                   PROP1     61     46     47
   0.1667   3.5000   1.0664e-03   7.0193e-03   7.7714e-03   6.1853e-03   4.0712e-02   4.5074e-02   3.9990e-02   4.4274e-02
   0.1000   3.3000   2.2102e-03   8.2971e-03   7.9499e-03   1.2819e-02   4.8123e-02   4.6109e-02   3.9990e-02   4.4274e-02
   0.3000   3.5000   4.5356e-04   6.7810e-03   7.3265e-03   2.6307e-03   3.9330e-02   4.2494e-02   3.9990e-02   4.4274e-02
   0.1000   3.7000   8.4200e-04   5.8777e-03   7.3370e-03   4.8836e-03   3.4091e-02   4.2555e-02   3.9990e-02   4.4274e-02
El     89   SB3                                   PROP1     48     50     49
   1.5000   3.1667   4.1621e-03   4.1626e-03   4.9322e-03   2.4140e-02   2.4143e-02   2.8607e-02   5.3122e-02   5.4530e-02
   1.7000   3.1000   3.7497e-03   4.2051e-03   4.9917e-03   2.1748e-02   2.4390e-02   2.8952e-02   5.3122e-02   5.4530e-02
   1.5000   3.3000   3.8371e-03   3.3269e-03   4.0830e-03   2.2255e-02   1.9296e-02   2.3681e-02   5.3122e-02   5.4530e-02
   1.3000   3.1000   4.7602e-03   5.3737e-03   5.8274e-03   2.7609e-02   3.1167e-02   3.3799e-02   5.3122e-02   5.4530e-02
El     90   SB3                                   PROP1     49     50     65
   1.8333   3.5000   2.0764e-03   3.4011e-03   1.5412e-03   1.2043e-02   1.9726e-02   8.9389e-03   5.1448e-02  -3.7876e-02
   1.9000   3.3000   8.1019e-04   1.9200e-03   1.5870e-03   4.6991e-03   1.1136e-02   9.2044e-03   5.1448e-02  -3.7876e-02
   1.9000   3.7000   2.1599e-03   4.7069e-03   7.9849e-04   1.2528e-02   2.7300e-02   4.6312e-03   5.1448e-02  -3.7876e-02
   1.7000   3.5000   2.8649e-03   3.7077e-03   1.2801e-03   1.6616e-02   2.1505e-02   7.4243e-03   5.1448e-02  -3.7876e-02
El     91   SB3                                   PROP1     65     63     49
   1.5000   3.8333   1.8036e-03   4.0444e-03   2.3001e-03   1.0461e-02   2.3458e-02   1.3341e-02  -1.1258e-02   6.1753e-02
   1.3000   3.9000   1.7480e-03   3.2500e-03   2.9789e-03   1.0138e-02   1.8850e-02   1.7277e-02  -1.1258e-02   6.1753e-02
   1.5000   3.7000   2.1717e-03   4.9908e-03   2.0679e-03   1.2596e-02   2.8947e-02   1.1994e-02  -1.1258e-02   6.1753e-02
   1.7000   3.9000   1.6489e-03   3.4193e-03   2.0325e-03   9.5638e-03   1.9832e-02   1.1788e-02  -1.1258e-02   6.1753e-02
El     92   SB3                                   PROP1     63     48     49
   1.1667   3.5000   3.8701e-03   4.8252e-03   5.0988e-03   2.2446e-02   2.7986e-02   2.9573e-02   4.4225e-02   4.1963e-02
   1.1000   3.3000   4.6923e-03   4.7091e-03   6.2084e-03   2.7215e-02   2.7313e-02   3.6009e-02   4.4225e-02   4.1963e-02
   1.3000   3.5000   3.1923e-03   4.5616e-03   4.2311e-03   1.8515e-02   2.6457e-02   2.4541e-02   4.4225e-02   4.1963e-02
   1.1000   3.7000   4.0645e-03   5.0919e-03   5.5306e-03   2.3574e-02   2.9533e-02   3.2078e-02   4.4225e-02   4.1963e-02
El     93   SB3                                   PROP1     50     52     51
   2.5000   3.1667   3.7219e-03   3.7035e-03  -1.8030e-03   2.1587e-02   2.1480e-02  -1.0457e-02  -3.7774e-02   4.3301e-02
   2.7000   3.1000   4.0754e-03   4.5968e-03  -2.5272e-03   2.3638e-02   2.6661e-02  -1.4658e-02  -3.7774e-02   4.3301e-02
   2.5000   3.3000   3.4639e-03   3.0399e-03  -1.1726e-03   2.0090e-02   1.7631e-02  -6.8012e-03  -3.7774e-02   4.3301e-02
   2.3000   3.1000   3.5159e-03   3.8056e-03  -1.8636e-03   2.0392e-02   2.2072e-02  -1.0809e-02  -3.7774e-02   4.3301e-02
El     94   SB3                                   PROP1     51     52     67
   2.8333   3.5000   3.3404e-03   4.2415e-03  -1.9763e-03   1.9374e-02   2.4601e-02  -1.1462e-02  -2.7070e-02   3.3675e-02
   2.9000   3.3000   3.9002e-03   4.1208e-03  -2.8110e-03   2.2621e-02   2.3900e-02  -1.6304e-02  -2.7070e-02   3.3675e-02
   2.9000   3.7000   3.4030e-03   4.4545e-03  -2.3962e-03   1.9737e-02   2.5836e-02  -1.3898e-02  -2.7070e-02   3.3675e-02
   2.7000   3.5000   2.9256e-03   4.0802e-03  -1.2755e-03   1.6968e-02   2.3665e-02  -7.3980e-03  -2.7070e-02   3.3675e-02
El     95   SB3                                   PROP1     67     65     51
   2.5000   3.8333   1.7380e-03   3.8742e-03  -1.3046e-04   1.0080e-02   2.2471e-02  -7.5665e-04   8.8869e-03   5.0524e-02
   2.3000   3.9000   1.4776e-03   3.3265e-03   4.2523e-06   8.5699e-03   1.9294e-02   2.4663e-05   8.8869e-03   5.0524e-02
   2.5000   3.7000   2.0391e-03   4.6485e-03   9.7913e-05   1.1827e-02   2.6962e-02   5.6790e-04   8.8869e-03   5.0524e-02
   2.7000   3.9000   1.8263e-03   3.2605e-03  -7.7005e-04   1.0593e-02   1.8911e-02  -4.4663e-03   8.8869e-03   5.0524e-02
El     96   SB3                                   PROP1     65     50     51
   2.1667   3.5000   2.1003e-03   3.3554e-03   9.4057e-04   1.2182e-02   1.9461e-02   5.4553e-03  -3.4293e-02  -3.6418e-02
   2.1000   3.3000   1.0413e-03   1.8936e-03   1.0553e-03   6.0394e-03   1.0983e-02   6.1208e-03  -3.4293e-02  -3.6418e-02
   2.3000   3.5000   2.6258e-03   3.5598e-03   1.1704e-03   1.5230e-02   2.0647e-02   6.7884e-03  -3.4293e-02  -3.6418e-02
   2.1000   3.7000   2.3709e-03   4.7005e-03   1.5809e-03   1.3751e-02   2.7263e-02   9.1690e-03  -3.4293e-02  -3.6418e-02
El     97   SB3                                   PROP1     52     54     53
   3.5000   3.1667   3.3463e-03   4.9204e-03  -4.1684e-03   1.9408e-02   2.8538e-02  -2.4177e-02  -2.8422e-02   3.3346e-02
   3.7000   3.1000   4.1214e-03   5.7283e-03  -4.3806e-03   2.3904e-02   3.3224e-02  -2.5408e-02  -2.8422e-02   3.3346e-02
   3.5000   3.3000   3.1475e-03   4.4093e-03  -3.8634e-03   1.8256e-02   2.5574e-02  -2.2407e-02  -2.8422e-02   3.3346e-02
   3.3000   3.1000   2.6847e-03   4.8791e-03  -3.8696e-03   1.5571e-02   2.8299e-02  -2.2444e-02  -2.8422e-02   3.3346e-02
El     98   SB3                                   PROP1     53     54     69
   3.8333   3.5000   3.2337e-03   4.3596e-03  -5.2683e-03   1.8756e-02   2.5286e-02  -3.0556e-02  -3.9117e-03   2.5465e-02
   3.9000   3.3000   3.5293e-03   4.4908e-03  -5.6056e-03   2.0470e-02   2.6046e-02  -3.2512e-02  -3.9117e-03   2.5465e-02
   3.9000   3.7000   3.0280e-03   4.2418e-03  -5.5456e-03   1.7563e-02   2.4603e-02  -3.2165e-02  -3.9117e-03   2.5465e-02
   3.7000   3.5000   3.1738e-03   4.3363e-03  -4.8220e-03   1.8408e-02   2.5151e-02  -2.7967e-02  -3.9117e-03   2.5465e-02
El     99   SB3                                   PROP1     69     67     53
   3.5000   3.8333   2.1764e-03   3.7632e-03  -3.8730e-03   1.2623e-02   2.1826e-02  -2.2464e-02   6.3638e-03   4.0569e-02
   3.3000   3.9000   1.9914e-03   3.3227e-03  -3.7370e-03   1.1550e-02   1.9272e-02  -2.1675e-02   6.3638e-03   4.0569e-02
   3.5000   3.7000   2.4182e-03   4.3849e-03  -3.7125e-03   1.4026e-02   2.5433e-02  -2.1532e-02   6.3638e-03   4.0569e-02
   3.7000   3.9000   2.2233e-03   3.2710e-03  -4.3588e-03   1.2895e-02   1.8972e-02  -2.5281e-02   6.3638e-03   4.0569e-02
El    100   SB3                                   PROP1     67     52     53
   3.1667   3.5000   2.2698e-03   4.3432e-03  -3.1951e-03   1.3165e-02   2.5190e-02  -1.8531e-02  -1.1134e-02   1.6914e-03
   3.1000   3.3000   2.1698e-03   4.3779e-03  -3.2903e-03   1.2585e-02   2.5392e-02  -1.9084e-02  -1.1134e-02   1.6914e-03
   3.3000   3.5000   2.4404e-03   4.4095e-03  -3.2096e-03   1.4155e-02   2.5575e-02  -1.8615e-02  -1.1134e-02   1.6914e-03
   3.1000   3.7000   2.1138e-03   4.2705e-03  -3.1196e-03   1.2260e-02   2.4769e-02  -1.8094e-02  -1.1134e-02   1.6914e-03
El    101   SB3                                   PROP1     54     56     55
   4.5000   3.1667   3.9902e-03   4.7041e-03  -7.0017e-03   2.3143e-02   2.7284e-02  -4.0610e-02  -6.0981e-04   4.4690e-02
   4.7000   3.1000   4.3538e-03   5.2949e-03  -7.1619e-03   2.5252e-02   3.0710e-02  -4.1539e-02  -6.0981e-04   4.4690e-02
   4.5000   3.3000   3.7239e-03   4.0192e-03  -7.0858e-03   2.1599e-02   2.3311e-02  -4.1098e-02  -6.0981e-04   4.4690e-02
   4.3000   3.1000   3.7789e-03   5.1407e-03  -6.4770e-03   2.1918e-02   2.9816e-02  -3.7566e-02  -6.0981e-04   4.4690e-02
El    102   SB3                                   PROP1     55     56     71
   4.8333   3.5000   3.1472e-03   3.6143e-03  -9.0399e-03   1.8254e-02   2.0963e-02  -5.2432e-02   2.1963e-02   1.6375e-02
   4.9000   3.3000   3.0427e-03   3.6039e-03  -9.1046e-03   1.7648e-02   2.0903e-02  -5.2807e-02   2.1963e-02   1.6375e-02
   4.9000   3.7000   2.7468e-03   3.5498e-03  -9.4412e-03   1.5932e-02   2.0589e-02  -5.4759e-02   2.1963e-02   1.6375e-02
   4.7000   3.5000   3.4838e-03   3.7452e-03  -8.7352e-03   2.0206e-02   2.1722e-02  -5.0664e-02   2.1963e-02   1.6375e-02
El    103   SB3                                   PROP1     71     69     55
   4.5000   3.8333   2.4522e-03   3.2218e-03  -8.1087e-03   1.4223e-02   1.8686e-02  -4.7030e-02   3.9769e-03   5.1913e-02
   4.3000   3.9000   2.2513e-03   2.6312e-03  -7.8469e-03   1.3058e-02   1.5261e-02  -4.5512e-02   3.9769e-03   5.1913e-02
   4.5000   3.7000   2.7616e-03   4.0173e-03  -7.9950e-03   1.6017e-02   2.3301e-02  -4.6371e-02   3.9769e-03   5.1913e-02
   4.7000   3.9000   2.4763e-03   2.6189e-03  -8.6424e-03   1.4363e-02   1.5190e-02  -5.0126e-02   3.9769e-03   5.1913e-02
El    104   SB3                                   PROP1     69     54     55
   4.1667   3.5000   3.2760e-03   4.3308e-03  -6.3251e-03   1.9001e-02   2.5119e-02  -3.6686e-02   1.4740e-02   1.8435e-02
   4.1000   3.3000   3.6476e-03   4.5289e-03  -6.0449e-03   2.1156e-02   2.6267e-02  -3.5061e-02   1.4740e-02   1.8435e-02
   4.3000   3.5000   3.0501e-03   4.2430e-03  -6.6206e-03   1.7691e-02   2.4609e-02  -3.8400e-02   1.4740e-02   1.8435e-02
   4.1000   3.7000   3.2433e-03   4.1830e-03  -6.2708e-03   1.8811e-02   2.4261e-02  -3.6371e-02   1.4740e-02   1.8435e-02
El    105   SB3                                   PROP1     56     58     57
   5.5000   3.1667   3.3384e-03   3.2853e-03  -9.7962e-03   1.9363e-02   1.9055e-02  -5.6818e-02   9.2031e-03   3.4146e-02
   5.7000   3.1000   3.5718e-03   3.6423e-03  -9.8000e-03   2.0717e-02   2.1125e-02  -5.6840e-02   9.2031e-03   3.4146e-02
   5.5000   3.3000   3.1349e-03   2.7620e-03  -1.0031e-02   1.8182e-02   1.6019e-02  -5.8179e-02   9.2031e-03   3.4146e-02
   5.3000   3.1000   3.2213e-03   3.7133e-03  -9.2767e-03   1.8684e-02   2.1537e-02  -5.3805e-02   9.2031e-03   3.4146e-02
El    106   SB3                                   PROP1     57     58     73
   5.8333   3.5000   2.3203e-03   2.1241e-03  -1.2048e-02   1.3458e-02   1.2320e-02  -6.9878e-02   4.1811e-02   1.0008e-02
   5.9000   3.3000   1.9106e-03   1.9915e-03  -1.1922e-02   1.1081e-02   1.1550e-02  -6.9147e-02   4.1811e-02   1.0008e-02
   5.9000   3.7000   1.7687e-03   2.1143e-03  -1.2563e-02   1.0259e-02   1.2263e-02  -7.2863e-02   4.1811e-02   1.0008e-02
   5.7000   3.5000   2.9611e-03   2.3733e-03  -1.1836e-02   1.7174e-02   1.3765e-02  -6.8647e-02   4.1811e-02   1.0008e-02
El    107   SB3                                   PROP1     73     71     57
   5.5000   3.8333   2.0884e-03   2.2834e-03  -1.2014e-02   1.2113e-02   1.3243e-02  -6.9680e-02   9.1284e-03   4.1369e-02
   5.3000   3.9000   1.9073e-03   1.8589e-03  -1.1910e-02   1.1062e-02   1.0782e-02  -6.9080e-02   9.1284e-03   4.1369e-02
   5.5000   3.7000   2.3349e-03   2.9174e-03  -1.1802e-02   1.3543e-02   1.6921e-02  -6.8452e-02   9.1284e-03   4.1369e-02
   5.7000   3.9000   2.1286e-03   1.7568e-03  -1.2544e-02   1.2346e-02   1.0190e-02  -7.2758e-02   9.1284e-03   4.1369e-02
El    108   SB3                                   PROP1     71     56     57
   5.1667   3.5000   3.0873e-03   3.4638e-03  -9.8985e-03   1.7906e-02   2.0090e-02  -5.7411e-02   3.4589e-02   1.3644e-02
   5.1000   3.3000   3.6140e-03   3.5686e-03  -9.4549e-03   2.0961e-02   2.0698e-02  -5.4838e-02   3.4589e-02   1.3644e-02
   5.3000   3.5000   2.5572e-03   3.2577e-03  -1.0145e-02   1.4832e-02   1.8894e-02  -5.8838e-02   3.4589e-02   1.3644e-02
   5.1000   3.7000   3.3558e-03   3.4768e-03  -9.9850e-03   1.9464e-02   2.0166e-02  -5.7913e-02   3.4589e-02   1.3644e-02
El    109   SB3                                   PROP1     58     60     59
   6.5000   3.1667   1.5684e-03   1.1987e-03  -1.1647e-02   9.0965e-03   6.9524e-03  -6.7552e-02   2.2077e-02   1.2553e-02
   6.7000   3.1000   1.4330e-03   1.1135e-03  -1.1509e-02   8.3115e-03   6.4582e-03  -6.6753e-02   2.2077e-02   1.2553e-02
   6.5000   3.3000   1.4935e-03   1.0063e-03  -1.2018e-02   8.6625e-03   5.8366e-03  -6.9702e-02   2.2077e-02   1.2553e-02
   6.3000   3.1000   1.7465e-03   1.5725e-03  -1.1317e-02   1.0129e-02   9.1203e-03  -6.5637e-02   2.2077e-02   1.2553e-02
El    110   SB3                                   PROP1     59     60     75
   6.8333   3.5000   4.6840e-04   1.5319e-04  -1.3578e-02   2.7167e-03   8.8849e-04  -7.8751e-02   5.7574e-02   3.0030e-03
   6.9000   3.3000  -1.7266e-04   3.4438e-05  -1.3196e-02  -1.0014e-03   1.9974e-04  -7.6539e-02   5.7574e-02   3.0030e-03
   6.9000   3.7000  -2.1408e-04   7.5858e-05  -1.4079e-02  -1.2417e-03   4.3998e-04  -8.1657e-02   5.7574e-02   3.0030e-03
   6.7000   3.5000   1.3508e-03   4.9633e-04  -1.3513e-02   7.8344e-03   2.8787e-03  -7.8377e-02   5.7574e-02   3.0030e-03
El    111   SB3                                   PROP1     75     73     59
   6.5000   3.8333   1.0197e-03   8.1412e-04  -1.4684e-02   5.9143e-03   4.7219e-03  -8.5168e-02   1.6267e-02   1.9776e-02
   6.3000   3.9000   1.0263e-03   7.3713e-04  -1.4755e-02   5.9528e-03   4.2753e-03  -8.5579e-02   1.6267e-02   1.9776e-02
   6.5000   3.7000   1.1376e-03   1.1172e-03  -1.4386e-02   6.5979e-03   6.4798e-03  -8.3438e-02   1.6267e-02   1.9776e-02
   6.7000   3.9000   9.4571e-04   4.3651e-04  -1.5058e-02   5.4851e-03   2.5318e-03  -8.7337e-02   1.6267e-02   1.9776e-02
El    112   SB3                                   PROP1     73     58     59
   6.1667   3.5000   2.1004e-03   1.8788e-03  -1.2650e-02   1.2183e-02   1.0897e-02  -7.3369e-02   5.0351e-02   6.1154e-03
   6.1000   3.3000   2.7233e-03   1.9300e-03  -1.2147e-02   1.5795e-02   1.1194e-02  -7.0454e-02   5.0351e-02   6.1154e-03
   6.3000   3.5000   1.3288e-03   1.5787e-03  -1.2778e-02   7.7068e-03   9.1567e-03  -7.4115e-02   5.0351e-02   6.1154e-03
   6.1000   3.7000   2.6351e-03   1.9991e-03  -1.2919e-02   1.5284e-02   1.1595e-02  -7.4930e-02   5.0351e-02   6.1154e-03
El    113   SB3                                   PROP1     61     63     62
   0.5000   4.1667   9.0940e-04   3.7630e-03   5.8573e-03   5.2745e-03   2.1825e-02   3.3972e-02  -1.7515e-02   3.4085e-02
   0.7000   4.1000   1.6215e-03   4.4693e-03   5.7638e-03   9.4047e-03   2.5922e-02   3.3430e-02  -1.7515e-02   3.4085e-02
   0.5000   4.3000   7.0626e-04   3.2406e-03   5.9748e-03   4.0963e-03   1.8796e-02   3.4654e-02  -1.7515e-02   3.4085e-02
   0.3000   4.1000   3.1338e-04   3.8403e-03   6.2861e-03   1.8176e-03   2.2274e-02   3.6460e-02  -1.7515e-02   3.4085e-02
El    114   SB3                                   PROP1     62     63     77
   0.8333   4.5000   7.5509e-04   2.3624e-03   4.3695e-03   4.3795e-03   1.3702e-02   2.5343e-02   8.2551e-03   3.1028e-02
   0.9000   4.3000   1.0921e-03   3.0059e-03   4.3956e-03   6.3340e-03   1.7434e-02   2.5495e-02   8.2551e-03   3.1028e-02
   0.9000   4.7000   2.2833e-04   1.6908e-03   4.2691e-03   1.3243e-03   9.8067e-03   2.4761e-02   8.2551e-03   3.1028e-02
   0.7000   4.5000   8.8160e-04   2.4116e-03   4.7448e-03   5.1133e-03   1.3987e-02   2.7520e-02   8.2551e-03   3.1028e-02
El    115   SB3                                   PROP1     77     76     62
   0.5000   4.8333   1.0991e-04   1.2891e-03   5.4828e-03   6.3746e-04   7.4766e-03   3.1800e-02   6.0503e-03   4.1307e-02
   0.3000   4.9000  -2.1600e-06   8.5599e-04   5.6788e-03  -1.2528e-05   4.9647e-03   3.2937e-02   6.0503e-03   4.1307e-02
   0.5000   4.7000   3.5610e-04   1.9221e-03   5.6126e-03   2.0654e-03   1.1148e-02   3.2553e-02   6.0503e-03   4.1307e-02
   0.7000   4.9000   8.1293e-05   7.7254e-04   5.0458e-03   4.7150e-04   4.4807e-03   2.9265e-02   6.0503e-03   4.1307e-02
El    116   SB3                                   PROP1     76     61     62
   0.1667   4.5000   2.4501e-04   2.7089e-03   6.2592e-03   1.4210e-03   1.5712e-02   3.6303e-02   1.0323e-03   2.6030e-02
   0.1000   4.3000   7.1667e-04   3.6522e-03   6.0383e-03   4.1567e-03   2.1183e-02   3.5022e-02   1.0323e-03   2.6030e-02
   0.3000   4.5000   2.2919e-04   2.7027e-03   6.0744e-03   1.3293e-03   1.5676e-02   3.5232e-02   1.0323e-03   2.6030e-02
   0.1000   4.7000  -2.0292e-04   1.7691e-03   6.0225e-03  -1.1769e-03   1.0261e-02   3.4931e-02   1.0323e-03   2.6030e-02
El    117   SB3                                   PROP1     63     65     64
   1.5000   4.1667   1.5125e-03   3.4929e-03   2.6028e-03   8.7724e-03   2.0259e-02   1.5096e-02   1.8307e-03   4.7675e-02
   1.7000   4.1000   1.6344e-03   4.0353e-03   2.2926e-03   9.4795e-03   2.3405e-02   1.3297e-02   1.8307e-03   4.7675e-02
   1.5000   4.3000   1.2283e-03   2.7623e-03   2.5541e-03   7.1243e-03   1.6021e-02   1.4814e-02   1.8307e-03   4.7675e-02
   1.3000   4.1000   1.5529e-03   4.0465e-03   3.0233e-03   9.0070e-03   2.3470e-02   1.7535e-02   1.8307e-03   4.7675e-02
El    118   SB3                                   PROP1     64     65     78
   1.8333   4.5000   7.8971e-04   2.2141e-03   1.0629e-03   4.5803e-03   1.2842e-02   6.1648e-03   7.1285e-03   2.5444e-02
   1.9000   4.3000   1.0565e-03   2.7195e-03   1.0726e-03   6.1277e-03   1.5773e-02   6.2210e-03   7.1285e-03   2.5444e-02
   1.9000   4.7000   3.5905e-04   1.6844e-03   9.6335e-04   2.0825e-03   9.7696e-03   5.5874e-03   7.1285e-03   2.5444e-02
   1.7000   4.5000   8.9896e-04   2.2566e-03   1.3778e-03   5.2140e-03   1.3088e-02   7.9913e-03   7.1285e-03   2.5444e-02
El    119   SB3                                   PROP1     78     77     64
   1.5000   4.8333   1.4607e-04   1.0426e-03   2.3967e-03   8.4719e-04   6.0472e-03   1.3901e-02  -3.8616e-04   5.4898e-02
   1.3000   4.9000   5.5248e-05   4.0895e-04   2.8251e-03   3.2044e-04   2.3719e-03   1.6386e-02  -3.8616e-04   5.4898e-02
   1.5000   4.7000   4.7326e-04   1.8840e-03   2.3884e-03   2.7449e-03   1.0927e-02   1.3853e-02  -3.8616e-04   5.4898e-02
   1.7000   4.9000   4.9921e-05   4.1428e-04   1.9837e-03   2.8954e-04   2.4028e-03   1.1506e-02  -3.8616e-04   5.4898e-02
El    120   SB3                                   PROP1     77     63     64
   1.1667   4.5000   8.4961e-04   2.3407e-03   3.7931e-03   4.9278e-03   1.3576e-02   2.2000e-02  -9.4363e-05   3.1406e-02
   1.1000   4.3000   1.2830e-03   2.9955e-03   3.8371e-03   7.4414e-03   1.7374e-02   2.2255e-02  -9.4363e-05   3.1406e-02
   1.3000   4.5000   8.5106e-04   2.3413e-03   3.4098e-03   4.9362e-03   1.3579e-02   1.9777e-02  -9.4363e-05   3.1406e-02
   1.1000   4.7000   4.1406e-04   1.6856e-03   3.8385e-03   2.4015e-03   9.7765e-03   2.2263e-02  -9.4363e-05   3.1406e-02
El    121   SB3                                   PROP1     65     67     66
   2.5000   4.1667   1.4831e-03   3.2383e-03  -6.3461e-04   8.6022e-03   1.8782e-02  -3.6808e-03  -1.8772e-03   4.5251e-02
   2.7000   4.1000   1.6603e-03   3.7996e-03  -9.4338e-04   9.6300e-03   2.2038e-02  -5.4716e-03  -1.8772e-03   4.5251e-02
   2.5000   4.3000   1.2134e-03   2.5448e-03  -6.3203e-04   7.0380e-03   1.4760e-02  -3.6658e-03  -1.8772e-03   4.5251e-02
   2.3000   4.1000   1.4601e-03   3.7172e-03  -2.4988e-04   8.4684e-03   2.1560e-02  -1.4493e-03  -1.8772e-03   4.5251e-02
El    122   SB3                                   PROP1     66     67     79
   2.8333   4.5000   8.2208e-04   2.0993e-03  -2.0785e-03   4.7680e-03   1.2176e-02  -1.2055e-02   5.7341e-03   2.5336e-02
   2.9000   4.3000   1.0874e-03   2.5408e-03  -2.1220e-03   6.3068e-03   1.4736e-02  -1.2308e-02   5.7341e-03   2.5336e-02
   2.9000   4.7000   4.2495e-04   1.6383e-03  -2.2099e-03   2.4647e-03   9.5021e-03  -1.2817e-02   5.7341e-03   2.5336e-02
   2.7000   4.5000   9.0995e-04   2.1335e-03  -1.7436e-03   5.2777e-03   1.2374e-02  -1.0113e-02   5.7341e-03   2.5336e-02
El    123   SB3                                   PROP1     79     78     66
   2.5000   4.8333   1.3962e-04   1.0409e-03  -7.7231e-04   8.0978e-04   6.0370e-03  -4.4794e-03   1.0068e-03   5.2474e-02
   2.3000   4.9000   4.3319e-05   4.4466e-04  -3.9027e-04   2.5125e-04   2.5790e-03  -2.2636e-03   1.0068e-03   5.2474e-02
   2.5000   4.7000   4.5236e-04   1.8451e-03  -7.5071e-04   2.6237e-03   1.0701e-02  -4.3541e-03   1.0068e-03   5.2474e-02
   2.7000   4.9000   5.7206e-05   4.3077e-04  -1.1945e-03   3.3179e-04   2.4985e-03  -6.9279e-03   1.0068e-03   5.2474e-02
El    124   SB3                                   PROP1     78     65     66
   2.1667   4.5000   7.8147e-04   2.1991e-03   5.4649e-04   4.5325e-03   1.2755e-02   3.1696e-03  -1.4887e-03   2.5716e-02
   2.1000   4.3000   1.1150e-03   2.7122e-03   5.8544e-04   6.4668e-03   1.5731e-02   3.3955e-03  -1.4887e-03   2.5716e-02
   2.3000   4.5000   8.0428e-04   2.2079e-03   2.2572e-04   4.6649e-03   1.2806e-02   1.3092e-03  -1.4887e-03   2.5716e-02
   2.1000   4.7000   4.1375e-04   1.6809e-03   6.0825e-04   2.3998e-03   9.7491e-03   3.5279e-03  -1.4887e-03   2.5716e-02
El    125   SB3                                   PROP1     67     69     68
   3.5000   4.1667   1.9200e-03   3.1425e-03  -4.2792e-03   1.1136e-02   1.8226e-02  -2.4819e-02   3.1758e-04   5.5803e-02
   3.7000   4.1000   2.0893e-03   3.7997e-03  -4.6524e-03   1.2118e-02   2.2038e-02  -2.6984e-02   3.1758e-04   5.5803e-02
   3.5000   4.3000   1.5874e-03   2.2873e-03  -4.3100e-03   9.2071e-03   1.3266e-02  -2.4998e-02   3.1758e-04   5.5803e-02
   3.3000   4.1000   1.9408e-03   3.7681e-03  -3.7972e-03   1.1257e-02   2.1855e-02  -2.2024e-02   3.1758e-04   5.5803e-02
El    126   SB3                                   PROP1     68     69     80
   3.8333   4.5000   1.0191e-03   1.9385e-03  -6.0942e-03   5.9110e-03   1.1243e-02  -3.5346e-02   7.3610e-03   2.4796e-02
   3.9000   4.3000   1.2279e-03   2.2445e-03  -6.2054e-03   7.1220e-03   1.3018e-02  -3.5991e-02   7.3610e-03   2.4796e-02
   3.9000   4.7000   6.4111e-04   1.6073e-03  -6.3182e-03   3.7185e-03   9.3224e-03  -3.6645e-02   7.3610e-03   2.4796e-02
   3.7000   4.5000   1.1319e-03   1.9823e-03  -5.7253e-03   6.5653e-03   1.1497e-02  -3.3207e-02   7.3610e-03   2.4796e-02
El    127   SB3                                   PROP1     80     79     68
   3.5000   4.8333   1.6769e-04   8.6043e-04  -4.5047e-03   9.7262e-04   4.9905e-03  -2.6127e-02   4.5910e-04   6.3026e-02
   3.3000   4.9000   5.7203e-05   1.3916e-04  -4.0309e-03   3.3178e-04   8.0712e-04  -2.3379e-02   4.5910e-04   6.3026e-02
   3.5000   4.7000   5.4333e-04   1.8263e-03  -4.4949e-03   3.1513e-03   1.0593e-02  -2.6070e-02   4.5910e-04   6.3026e-02
   3.7000   4.9000   6.3536e-05   1.3283e-04  -4.9968e-03   3.6851e-04   7.7039e-04  -2.8981e-02   4.5910e-04   6.3026e-02
El    128   SB3                                   PROP1     79     67     68
   3.1667   4.5000   1.0494e-03   2.0837e-03  -2.8345e-03   6.0863e-03   1.2085e-02  -1.6440e-02   1.3814e-04   2.8432e-02
   3.1000   4.3000   1.4035e-03   2.5138e-03  -2.6843e-03   8.1404e-03   1.4580e-02  -1.5569e-02   1.3814e-04   2.8432e-02
   3.3000   4.5000   1.0472e-03   2.0828e-03  -3.2359e-03   6.0740e-03   1.2081e-02  -1.8768e-02   1.3814e-04   2.8432e-02
   3.1000   4.7000   6.9838e-04   1.6540e-03  -2.6864e-03   4.0506e-03   9.5934e-03  -1.5581e-02   1.3814e-04   2.8432e-02
El    129   SB3                                   PROP1     69     71     70
   4.5000   4.1667   2.1541e-03   2.8047e-03  -8.5028e-03   1.2494e-02   1.6267e-02  -4.9316e-02   1.6836e-03   6.0123e-02
   4.7000   4.1000   2.3532e-03   3.5055e-03  -8.8733e-03   1.3648e-02   2.0332e-02  -5.1465e-02   1.6836e-03   6.0123e-02
   4.5000   4.3000   1.7958e-03   1.8833e-03  -8.5673e-03   1.0415e-02   1.0923e-02  -4.9690e-02   1.6836e-03   6.0123e-02
   4.3000   4.1000   2.1598e-03   3.4861e-03  -7.9518e-03   1.2527e-02   2.0220e-02  -4.6121e-02   1.6836e-03   6.0123e-02
El    130   SB3                                   PROP1     70     71     81
   4.8333   4.5000   1.0891e-03   1.5880e-03  -1.0624e-02   6.3165e-03   9.2107e-03  -6.1622e-02   1.2320e-02   2.2617e-02
   4.9000   4.3000   1.1823e-03   1.7266e-03  -1.0770e-02   6.8575e-03   1.0015e-02  -6.2468e-02   1.2320e-02   2.2617e-02
   4.9000   4.7000   7.1258e-04   1.4075e-03  -1.0959e-02   4.1329e-03   8.1634e-03  -6.3563e-02   1.2320e-02   2.2617e-02
   4.7000   4.5000   1.2779e-03   1.6615e-03  -1.0244e-02   7.4116e-03   9.6365e-03  -5.9417e-02   1.2320e-02   2.2617e-02
El    131   SB3                                   PROP1     81     80     70
   4.5000   4.8333   1.7919e-04   6.6941e-04  -9.0151e-03   1.0393e-03   3.8826e-03  -5.2288e-02   1.6126e-03   6.7346e-02
   4.3000   4.9000   5.3387e-05  -9.3568e-05  -8.5312e-03   3.0964e-04  -5.4270e-04  -4.9481e-02   1.6126e-03   6.7346e-02
   4.5000   4.7000   5.8057e-04   1.7015e-03  -8.9805e-03   3.3673e-03   9.8689e-03  -5.2087e-02   1.6126e-03   6.7346e-02
   4.7000   4.9000   7.5629e-05  -1.1581e-04  -9.5633e-03   4.3865e-04  -6.7170e-04  -5.5467e-02   1.6126e-03   6.7346e-02
El    132   SB3                                   PROP1     80     69     70
   4.1667   4.5000   1.2250e-03   1.9053e-03  -7.0734e-03   7.1051e-03   1.1051e-02  -4.1026e-02   5.0970e-03   2.7385e-02
   4.1000   4.3000   1.5949e-03   2.2147e-03  -6.8151e-03   9.2503e-03   1.2845e-02  -3.9528e-02   5.0970e-03   2.7385e-02
   4.3000   4.5000   1.1469e-03   1.8749e-03  -7.4977e-03   6.6521e-03   1.0875e-02  -4.3487e-02   5.0970e-03   2.7385e-02
   4.1000   4.7000   9.7234e-04   1.6132e-03  -6.8933e-03   5.6396e-03   9.3567e-03  -3.9981e-02   5.0970e-03   2.7385e-02
El    133   SB3                                   PROP1     71     73     72
   5.5000   4.1667   1.8467e-03   2.0535e-03  -1.2635e-02   1.0711e-02   1.1911e-02  -7.3285e-02   4.5014e-03   4.9465e-02
   5.7000   4.1000   2.0097e-03   2.6030e-03  -1.2893e-02   1.1656e-02   1.5097e-02  -7.4779e-02   4.5014e-03   4.9465e-02
   5.5000   4.3000   1.5519e-03   1.2955e-03  -1.2748e-02   9.0010e-03   7.5136e-03  -7.3937e-02   4.5014e-03   4.9465e-02
   5.3000   4.1000   1.8522e-03   2.6412e-03  -1.2135e-02   1.0743e-02   1.5319e-02  -7.0382e-02   4.5014e-03   4.9465e-02
El    134   SB3                                   PROP1     72     73     82
   5.8333   4.5000   8.2929e-04   9.9216e-04  -1.4647e-02   4.8099e-03   5.7545e-03  -8.4953e-02   1.8894e-02   1.6237e-02
   5.9000   4.3000   7.6015e-04   9.9222e-04  -1.4730e-02   4.4089e-03   5.7549e-03  -8.5432e-02   1.8894e-02   1.6237e-02
   5.9000   4.7000   4.6409e-04   9.2775e-04  -1.5019e-02   2.6917e-03   5.3809e-03  -8.7111e-02   1.8894e-02   1.6237e-02
   5.7000   4.5000   1.1188e-03   1.1048e-03  -1.4347e-02   6.4893e-03   6.4076e-03  -8.3211e-02   1.8894e-02   1.6237e-02
El    135   SB3                                   PROP1     82     81     72
   5.5000   4.8333   1.5083e-04   4.4362e-04  -1.3520e-02   8.7481e-04   2.5730e-03  -7.8417e-02   3.1244e-03   5.6688e-02
   5.3000   4.9000   3.2751e-05  -1.8642e-04  -1.3148e-02   1.8996e-04  -1.0812e-03  -7.6259e-02   3.1244e-03   5.6688e-02
   5.5000   4.7000   4.8869e-04   1.3124e-03  -1.3453e-02   2.8344e-03   7.6119e-03  -7.8029e-02   3.1244e-03   5.6688e-02
   5.7000   4.9000   7.5846e-05  -2.2951e-04  -1.4017e-02   4.3991e-04  -1.3312e-03  -8.1298e-02   3.1244e-03   5.6688e-02
El    136   SB3                                   PROP1     81     71     72
   5.1667   4.5000   1.1490e-03   1.5242e-03  -1.1661e-02   6.6643e-03   8.8405e-03  -6.7631e-02   1.1671e-02   2.1584e-02
   5.1000   4.3000   1.5109e-03   1.7108e-03  -1.1352e-02   8.7633e-03   9.9226e-03  -6.5839e-02   1.1671e-02   2.1584e-02
   5.3000   4.5000   9.7016e-04   1.4547e-03  -1.2018e-02   5.6269e-03   8.4370e-03  -6.9707e-02   1.1671e-02   2.1584e-02
   5.1000   4.7000   1.0554e-03   1.3774e-03  -1.1530e-02   6.1215e-03   7.9888e-03  -6.6876e-02   1.1671e-02   2.1584e-02
El    137   SB3                                   PROP1     73     75     74
   6.5000   4.1667   9.0898e-04   8.2646e-04  -1.5463e-02   5.2721e-03   4.7935e-03  -8.9686e-02   1.2359e-02   2.1837e-02
   6.7000   4.1000   8.7890e-04   9.5411e-04  -1.5486e-02   5.0976e-03   5.5338e-03  -8.9818e-02   1.2359e-02   2.1837e-02
   6.5000   4.3000   7.7883e-04   4.9179e-04  -1.5677e-02   4.5172e-03   2.8524e-03  -9.0929e-02   1.2359e-02   2.1837e-02
   6.3000   4.1000   1.0134e-03   1.2008e-03  -1.5151e-02   5.8779e-03   6.9648e-03  -8.7877e-02   1.2359e-02   2.1837e-02
El    138   SB3                                   PROP1     74     75     83
   6.8333   4.5000   1.3161e-04   7.5755e-05  -1.6885e-02   7.6332e-04   4.3938e-04  -9.7935e-02   2.8472e-02   4.3802e-03
   6.9000   4.3000  -1.6544e-04  -2.9364e-06  -1.6754e-02  -9.5958e-04  -1.7031e-05  -9.7175e-02   2.8472e-02   4.3802e-03
   6.9000   4.7000  -2.2586e-04   5.7480e-05  -1.7191e-02  -1.3100e-03   3.3338e-04  -9.9706e-02   2.8472e-02   4.3802e-03
   6.7000   4.5000   5.6795e-04   2.4544e-04  -1.6791e-02   3.2941e-03   1.4236e-03  -9.7390e-02   2.8472e-02   4.3802e-03
El    139   SB3                                   PROP1     83     82     74
   6.5000   4.8333   7.7321e-05   1.1543e-04  -1.6871e-02   4.4846e-04   6.6948e-04  -9.7850e-02   4.2166e-03   2.9060e-02
   6.3000   4.9000  -1.2449e-06  -1.8952e-04  -1.6732e-02  -7.2203e-06  -1.0992e-03  -9.7046e-02   4.2166e-03   2.9060e-02
   6.5000   4.7000   2.5052e-04   5.6079e-04  -1.6780e-02   1.4530e-03   3.2526e-03  -9.7325e-02   4.2166e-03   2.9060e-02
   6.7000   4.9000   5.6916e-05  -2.4768e-04  -1.7177e-02   3.3011e-04  -1.4365e-03  -9.9629e-02   4.2166e-03   2.9060e-02
El    140   SB3                                   PROP1     82     73     74
   6.1667   4.5000   8.3548e-04   8.8535e-04  -1.5443e-02   4.8458e-03   5.1350e-03  -8.9568e-02   2.1249e-02   1.2372e-02
   6.1000   4.3000   1.2011e-03   9.8043e-04  -1.5130e-02   6.9663e-03   5.6865e-03  -8.7752e-02   2.1249e-02   1.2372e-02
   6.3000   4.5000   5.0982e-04   7.5871e-04  -1.5660e-02   2.9570e-03   4.4005e-03  -9.0829e-02   2.1249e-02   1.2372e-02
   6.1000   4.7000   9.5834e-04   8.6265e-04  -1.5455e-02   5.5584e-03   5.0033e-03  -8.9640e-02   2.1249e-02   1.2372e-02
